train,validation,time
0.00,0.00,0.00
100.00,96.66,4.94,best
100.00,96.93,8.28,best
100.00,96.39,11.58
100.00,96.39,14.79
100.00,97.86,18.02,best
100.00,97.46,21.35
99.83,96.26,24.54
100.00,96.12,27.64
100.00,95.32,30.88
100.00,98.13,34.03,best
100.00,98.26,37.18,best
100.00,98.13,40.36
100.00,96.93,43.60
100.00,98.66,46.65,best
100.00,98.26,49.86
100.00,96.39,52.92
100.00,97.73,56.17
100.00,98.93,59.48,best
100.00,97.06,62.71
100.00,96.79,65.78
100.00,94.25,69.10
100.00,98.93,72.52
100.00,99.47,75.74,best
100.00,99.47,75.74
