train,validation,time
0.00,0.00,0.00
99.96,98.04,38.23,best
99.76,97.59,76.55
99.97,97.38,112.80
99.95,97.96,149.82
99.96,97.04,187.20
99.89,97.19,226.91
99.98,97.68,266.41
99.68,97.02,308.70
99.97,98.52,351.65,best
99.77,98.65,395.99,best
99.39,96.79,437.26
99.99,98.78,479.36,best
99.95,97.84,521.83
98.79,95.01,563.90
99.54,96.09,604.15
99.83,97.76,646.15
99.98,97.48,688.94
99.97,98.57,731.18
99.55,97.59,772.12
99.93,98.09,814.52
99.86,97.28,856.94
100.00,97.95,898.37
99.98,97.23,937.35
99.99,98.78,937.35
