train,validation,time
0.00,0.00,0.00
99.89,90.11,4.96,best
100.00,91.04,8.15,best
100.00,92.25,11.46,best
100.00,92.65,14.74,best
100.00,93.85,17.95,best
100.00,91.71,21.21
100.00,91.71,24.53
100.00,91.18,27.89
100.00,91.71,31.12
100.00,91.71,34.39
100.00,91.58,37.79
100.00,91.71,41.07
100.00,91.58,44.26
100.00,91.84,47.50
100.00,95.05,50.81,best
100.00,93.18,54.10
100.00,92.65,57.46
100.00,93.32,60.77
100.00,92.11,64.07
100.00,91.84,67.35
100.00,90.91,70.65
100.00,91.98,73.90
100.00,91.58,77.15
100.00,91.31,80.49
100.00,91.04,83.86
100.00,92.25,86.97
100.00,95.05,86.97
