train,validation,time
0.00,0.00,0.00
99.48,88.92,4.80,best
100.00,85.85,8.16
99.83,88.12,11.41
100.00,90.25,14.59,best
99.94,88.92,17.87
100.00,91.99,21.06,best
100.00,89.85,24.34
100.00,89.59,27.55
100.00,90.92,30.84
100.00,91.72,33.97
100.00,89.85,37.23
99.94,91.59,40.47
100.00,93.06,43.70,best
100.00,92.12,46.84
100.00,94.13,50.03,best
100.00,91.86,53.27
100.00,94.53,56.55,best
100.00,92.12,59.77
100.00,95.33,63.05,best
100.00,94.93,66.38
100.00,92.39,69.68
100.00,92.92,72.79
100.00,91.99,76.05
100.00,93.59,79.45
100.00,93.06,82.68
100.00,91.59,85.79
100.00,92.79,88.89
100.00,92.79,92.03
100.00,91.05,95.33
100.00,91.19,98.64
100.00,95.33,98.64
