train,validation,time
0.00,0.00,0.00
99.20,87.18,4.61,best
99.94,89.72,7.81,best
100.00,90.25,10.77,best
99.71,86.52,13.77
100.00,91.32,16.75,best
100.00,91.32,19.87
100.00,91.59,22.95,best
100.00,87.72,25.85
100.00,87.58,28.86
100.00,92.12,31.94,best
100.00,85.71,34.94
100.00,88.79,37.82
100.00,88.52,40.89
100.00,86.38,43.82
100.00,85.58,46.86
100.00,87.05,49.76
100.00,89.99,52.79
100.00,89.59,55.95
100.00,88.38,58.97
100.00,87.18,61.83
99.94,88.38,64.89
100.00,92.12,64.89
