train,validation,time
0.00,0.00,0.00
100.00,93.72,4.92,best
100.00,95.32,8.24,best
100.00,94.39,11.56
100.00,92.38,14.76
100.00,93.18,18.05
100.00,94.25,21.31
100.00,96.79,24.59,best
100.00,96.26,27.76
100.00,96.39,31.04
100.00,95.19,34.27
100.00,93.98,37.45
100.00,95.99,40.73
100.00,95.59,44.02
100.00,95.19,47.11
100.00,91.71,50.21
100.00,98.26,53.52,best
100.00,94.12,56.74
100.00,95.59,60.06
100.00,89.30,63.29
100.00,95.45,66.56
100.00,87.83,69.83
100.00,95.59,73.19
100.00,96.93,76.54
100.00,97.33,79.84
100.00,96.52,83.16
100.00,90.37,86.51
100.00,94.79,89.75
100.00,98.26,89.75
