################ TRAINING REPORT #################
# Images path   | dataset\digits\augmented_v456\
# Validation    | 0.30
# Height        | 64
# Width         | 64
# Architecure   | custom
# Bacth Size    | 32
# Epochs        | 500
# Eval Criteria | 0.80
##################################################
train,validation,test,min,time
0.00,0.00,0.00,0.000
98.94,96.67,99.23,7.203,best
100.00,98.85,98.97,12.546,best
99.94,98.85,99.10,17.671
100.00,98.85,98.97,22.814
100.00,98.59,98.97,27.874
100.00,98.85,99.10,33.070
100.00,98.59,99.23,38.298
100.00,98.97,99.23,43.470,best
100.00,98.59,99.36,48.750
100.00,98.59,99.23,53.802
100.00,98.46,99.23,58.858
100.00,98.85,98.97,63.956
100.00,98.59,99.23,69.063
100.00,98.59,99.23,74.177
100.00,98.46,98.59,79.314
100.00,98.46,98.46,84.388
100.00,98.59,98.97,89.465
100.00,98.46,98.46,94.604
100.00,98.97,99.23,94.604
