Total:   304 | Class: 0 | [304,0,0,0,0,0,0,0,0,0] | Acc: 100.00 | Acc2: 100.00 | Time: 0.529
Total:   304 | Class: 1 | [304,0,0,0,0,0,0,0,0,0] | Acc: 0.00 | Acc2: 0.00 | Time: 0.476
Total:   304 | Class: 2 | [304,0,0,0,0,0,0,0,0,0] | Acc: 0.00 | Acc2: 0.00 | Time: 0.441
Total:   304 | Class: 3 | [304,0,0,0,0,0,0,0,0,0] | Acc: 0.00 | Acc2: 0.00 | Time: 0.492
Total:   304 | Class: 4 | [304,0,0,0,0,0,0,0,0,0] | Acc: 0.00 | Acc2: 0.00 | Time: 0.500
Total:   304 | Class: 5 | [0,0,0,0,0,0,0,0,304,0] | Acc: 0.00 | Acc2: 0.00 | Time: 0.501
Total:   304 | Class: 6 | [304,0,0,0,0,0,0,0,0,0] | Acc: 0.00 | Acc2: 0.00 | Time: 0.507
Total:   304 | Class: 7 | [0,0,0,0,0,0,0,0,304,0] | Acc: 0.00 | Acc2: 0.00 | Time: 0.474
Total:   304 | Class: 8 | [304,0,0,0,0,0,0,0,0,0] | Acc: 0.00 | Acc2: 0.00 | Time: 0.480
Total:   304 | Class: 9 | [0,0,0,0,0,0,0,0,304,0] | Acc: 0.00 | Acc2: 0.00 | Time: 0.498
Total:   304 | Class: 0 | [304,0,0,0,0,0,0,0,0,0] | Acc: 100.00 | Acc2: 100.00 | Time: 0.484
Total:   304 | Class: 1 | [0,304,0,0,0,0,0,0,0,0] | Acc: 100.00 | Acc2: 100.00 | Time: 0.511
Total:   304 | Class: 2 | [0,0,304,0,0,0,0,0,0,0] | Acc: 100.00 | Acc2: 100.00 | Time: 0.501
Total:   304 | Class: 3 | [0,0,304,0,0,0,0,0,0,0] | Acc: 0.00 | Acc2: 0.00 | Time: 0.540
Total:   304 | Class: 4 | [0,0,304,0,0,0,0,0,0,0] | Acc: 0.00 | Acc2: 0.00 | Time: 0.586
Total:   304 | Class: 5 | [0,0,0,0,0,304,0,0,0,0] | Acc: 100.00 | Acc2: 100.00 | Time: 0.587
Total:   304 | Class: 6 | [0,0,0,0,0,0,304,0,0,0] | Acc: 100.00 | Acc2: 0.00 | Time: 0.543
Total:   304 | Class: 7 | [0,0,0,0,0,0,0,304,0,0] | Acc: 100.00 | Acc2: 100.00 | Time: 0.535
Total:   304 | Class: 8 | [0,0,0,0,0,0,0,0,304,0] | Acc: 100.00 | Acc2: 100.00 | Time: 0.523
Total:   304 | Class: 9 | [0,0,0,0,0,0,0,0,0,304] | Acc: 100.00 | Acc2: 100.00 | Time: 0.514
Total:   304 | Class: 0 | [304,0,0,0,0,0,0,0,0,0] | Acc: 100.00 | Acc2: 100.00 | Time: 0.516
Total:   304 | Class: 1 | [0,304,0,0,0,0,0,0,0,0] | Acc: 100.00 | Acc2: 100.00 | Time: 0.503
Total:   304 | Class: 2 | [0,0,304,0,0,0,0,0,0,0] | Acc: 100.00 | Acc2: 100.00 | Time: 0.497
Total:   304 | Class: 3 | [0,0,304,0,0,0,0,0,0,0] | Acc: 0.00 | Acc2: 0.00 | Time: 0.496
Total:   304 | Class: 4 | [0,0,304,0,0,0,0,0,0,0] | Acc: 0.00 | Acc2: 0.00 | Time: 0.494
Total:   304 | Class: 5 | [0,0,0,0,0,304,0,0,0,0] | Acc: 100.00 | Acc2: 100.00 | Time: 0.481
Total:   304 | Class: 6 | [0,0,0,0,0,0,304,0,0,0] | Acc: 100.00 | Acc2: 100.00 | Time: 0.493
Total:   304 | Class: 7 | [0,0,0,0,0,0,0,304,0,0] | Acc: 100.00 | Acc2: 100.00 | Time: 0.555
Total:   304 | Class: 8 | [0,0,0,0,0,0,0,0,304,0] | Acc: 100.00 | Acc2: 100.00 | Time: 0.510
Total:   304 | Class: 9 | [0,0,0,0,0,0,0,0,0,304] | Acc: 100.00 | Acc2: 100.00 | Time: 0.492
Total:   304 | Class: 0 | [304,0,0,0,0,0,0,0,0,0] | Acc: 100.00 | Acc2: 100.00 | Time: 0.495
Total:   304 | Class: 1 | [0,304,0,0,0,0,0,0,0,0] | Acc: 100.00 | Acc2: 100.00 | Time: 0.453
Total:   304 | Class: 2 | [0,0,304,0,0,0,0,0,0,0] | Acc: 100.00 | Acc2: 100.00 | Time: 0.488
Total:   304 | Class: 3 | [0,0,304,0,0,0,0,0,0,0] | Acc: 0.00 | Acc2: 0.00 | Time: 0.485
Total:   304 | Class: 4 | [0,0,304,0,0,0,0,0,0,0] | Acc: 0.00 | Acc2: 0.00 | Time: 0.490
Total:   304 | Class: 5 | [0,0,0,0,0,304,0,0,0,0] | Acc: 100.00 | Acc2: 100.00 | Time: 0.485
Total:   304 | Class: 6 | [0,0,0,0,0,0,304,0,0,0] | Acc: 100.00 | Acc2: 100.00 | Time: 0.493
Total:   304 | Class: 7 | [0,0,0,0,0,0,0,304,0,0] | Acc: 100.00 | Acc2: 100.00 | Time: 0.499
Total:   304 | Class: 8 | [0,0,0,0,0,0,0,0,304,0] | Acc: 100.00 | Acc2: 100.00 | Time: 0.517
Total:   304 | Class: 9 | [0,0,0,0,0,0,0,0,0,304] | Acc: 100.00 | Acc2: 100.00 | Time: 0.480
Total:   304 | Class: 0 | [304,0,0,0,0,0,0,0,0,0] | Acc: 100.00 | Acc2: 100.00 | Time: 0.515
Total:   304 | Class: 1 | [0,304,0,0,0,0,0,0,0,0] | Acc: 100.00 | Acc2: 100.00 | Time: 0.496
Total:   304 | Class: 2 | [0,0,304,0,0,0,0,0,0,0] | Acc: 100.00 | Acc2: 100.00 | Time: 0.494
Total:   304 | Class: 3 | [0,0,304,0,0,0,0,0,0,0] | Acc: 0.00 | Acc2: 0.00 | Time: 0.508
Total:   304 | Class: 4 | [0,0,304,0,0,0,0,0,0,0] | Acc: 0.00 | Acc2: 0.00 | Time: 0.483
Total:   304 | Class: 5 | [0,0,0,0,0,304,0,0,0,0] | Acc: 100.00 | Acc2: 100.00 | Time: 0.447
Total:   304 | Class: 6 | [0,0,0,0,0,0,304,0,0,0] | Acc: 100.00 | Acc2: 100.00 | Time: 0.489
Total:   304 | Class: 7 | [0,0,0,0,0,0,0,304,0,0] | Acc: 100.00 | Acc2: 100.00 | Time: 0.492
Total:   304 | Class: 8 | [0,0,0,0,0,0,0,0,304,0] | Acc: 100.00 | Acc2: 100.00 | Time: 0.460
Total:   304 | Class: 9 | [0,0,0,0,0,0,0,0,0,304] | Acc: 100.00 | Acc2: 100.00 | Time: 0.481
Total:   304 | Class: 0 | [304,0,0,0,0,0,0,0,0,0] | Acc: 100.00 | Acc2: 100.00 | Time: 0.509
Total:   304 | Class: 1 | [0,304,0,0,0,0,0,0,0,0] | Acc: 100.00 | Acc2: 100.00 | Time: 0.479
Total:   304 | Class: 2 | [0,0,304,0,0,0,0,0,0,0] | Acc: 100.00 | Acc2: 100.00 | Time: 0.507
Total:   304 | Class: 3 | [0,0,304,0,0,0,0,0,0,0] | Acc: 0.00 | Acc2: 0.00 | Time: 0.499
Total:   304 | Class: 4 | [0,0,304,0,0,0,0,0,0,0] | Acc: 0.00 | Acc2: 0.00 | Time: 0.484
Total:   304 | Class: 5 | [0,0,0,0,0,304,0,0,0,0] | Acc: 100.00 | Acc2: 100.00 | Time: 0.554
Total:   304 | Class: 6 | [0,0,0,0,0,0,304,0,0,0] | Acc: 100.00 | Acc2: 100.00 | Time: 0.498
Total:   304 | Class: 7 | [0,0,0,0,0,0,0,304,0,0] | Acc: 100.00 | Acc2: 100.00 | Time: 0.463
Total:   304 | Class: 8 | [0,0,0,0,0,0,0,0,304,0] | Acc: 100.00 | Acc2: 100.00 | Time: 0.515
Total:   304 | Class: 9 | [0,0,0,0,0,0,0,0,0,304] | Acc: 100.00 | Acc2: 100.00 | Time: 0.490
Total:   304 | Class: 0 | [304,0,0,0,0,0,0,0,0,0] | Acc: 100.00 | Acc2: 100.00 | Time: 0.502
Total:   304 | Class: 1 | [0,304,0,0,0,0,0,0,0,0] | Acc: 100.00 | Acc2: 100.00 | Time: 0.491
Total:   304 | Class: 2 | [0,0,304,0,0,0,0,0,0,0] | Acc: 100.00 | Acc2: 100.00 | Time: 0.516
Total:   304 | Class: 3 | [0,0,304,0,0,0,0,0,0,0] | Acc: 0.00 | Acc2: 0.00 | Time: 0.511
Total:   304 | Class: 4 | [0,0,304,0,0,0,0,0,0,0] | Acc: 0.00 | Acc2: 0.00 | Time: 0.487
Total:   304 | Class: 5 | [0,0,0,0,0,304,0,0,0,0] | Acc: 100.00 | Acc2: 100.00 | Time: 0.509
Total:   304 | Class: 6 | [0,0,0,0,0,0,304,0,0,0] | Acc: 100.00 | Acc2: 100.00 | Time: 0.486
Total:   304 | Class: 7 | [0,0,0,0,0,0,0,304,0,0] | Acc: 100.00 | Acc2: 100.00 | Time: 0.474
Total:   304 | Class: 8 | [0,0,0,0,0,0,0,0,304,0] | Acc: 100.00 | Acc2: 100.00 | Time: 0.495
Total:   304 | Class: 9 | [0,0,0,0,0,0,0,0,0,304] | Acc: 100.00 | Acc2: 100.00 | Time: 0.499
Total:   304 | Class: 0 | [304,0,0,0,0,0,0,0,0,0] | Acc: 100.00 | Acc2: 100.00 | Time: 0.497
Total:   304 | Class: 1 | [0,304,0,0,0,0,0,0,0,0] | Acc: 100.00 | Acc2: 100.00 | Time: 0.493
Total:   304 | Class: 2 | [0,0,304,0,0,0,0,0,0,0] | Acc: 100.00 | Acc2: 100.00 | Time: 0.496
Total:   304 | Class: 3 | [0,0,304,0,0,0,0,0,0,0] | Acc: 0.00 | Acc2: 0.00 | Time: 0.495
Total:   304 | Class: 4 | [0,0,304,0,0,0,0,0,0,0] | Acc: 0.00 | Acc2: 0.00 | Time: 0.490
Total:   304 | Class: 5 | [0,0,0,0,0,304,0,0,0,0] | Acc: 100.00 | Acc2: 100.00 | Time: 0.513
Total:   304 | Class: 6 | [0,0,0,0,0,0,304,0,0,0] | Acc: 100.00 | Acc2: 100.00 | Time: 0.504
Total:   304 | Class: 7 | [0,0,0,0,0,0,0,304,0,0] | Acc: 100.00 | Acc2: 100.00 | Time: 0.542
Total:   304 | Class: 8 | [0,0,0,0,0,0,0,0,304,0] | Acc: 100.00 | Acc2: 100.00 | Time: 0.504
Total:   304 | Class: 9 | [0,0,0,0,0,0,0,0,0,304] | Acc: 100.00 | Acc2: 100.00 | Time: 0.538
Total:   304 | Class: 0 | [304,0,0,0,0,0,0,0,0,0] | Acc: 100.00 | Acc2: 100.00 | Time: 0.506
Total:   304 | Class: 1 | [0,304,0,0,0,0,0,0,0,0] | Acc: 100.00 | Acc2: 100.00 | Time: 0.519
Total:   304 | Class: 2 | [0,0,304,0,0,0,0,0,0,0] | Acc: 100.00 | Acc2: 100.00 | Time: 0.524
Total:   304 | Class: 3 | [0,0,304,0,0,0,0,0,0,0] | Acc: 0.00 | Acc2: 0.00 | Time: 0.481
Total:   304 | Class: 4 | [0,0,304,0,0,0,0,0,0,0] | Acc: 0.00 | Acc2: 0.00 | Time: 0.547
Total:   304 | Class: 5 | [0,0,0,0,0,304,0,0,0,0] | Acc: 100.00 | Acc2: 100.00 | Time: 0.491
Total:   304 | Class: 6 | [0,0,0,0,0,0,304,0,0,0] | Acc: 100.00 | Acc2: 100.00 | Time: 0.512
Total:   304 | Class: 7 | [0,0,0,0,0,0,0,304,0,0] | Acc: 100.00 | Acc2: 100.00 | Time: 0.513
Total:   304 | Class: 8 | [0,0,0,0,0,0,0,0,304,0] | Acc: 100.00 | Acc2: 100.00 | Time: 0.489
Total:   304 | Class: 9 | [0,0,0,0,0,0,0,0,0,304] | Acc: 100.00 | Acc2: 100.00 | Time: 0.498
Total:   304 | Class: 0 | [304,0,0,0,0,0,0,0,0,0] | Acc: 100.00 | Acc2: 100.00 | Time: 0.498
Total:   304 | Class: 1 | [0,304,0,0,0,0,0,0,0,0] | Acc: 100.00 | Acc2: 100.00 | Time: 0.486
Total:   304 | Class: 2 | [0,0,304,0,0,0,0,0,0,0] | Acc: 100.00 | Acc2: 100.00 | Time: 0.502
Total:   304 | Class: 3 | [0,0,304,0,0,0,0,0,0,0] | Acc: 0.00 | Acc2: 0.00 | Time: 0.459
Total:   304 | Class: 4 | [0,0,304,0,0,0,0,0,0,0] | Acc: 0.00 | Acc2: 0.00 | Time: 0.504
Total:   304 | Class: 5 | [0,0,0,0,0,304,0,0,0,0] | Acc: 100.00 | Acc2: 100.00 | Time: 0.497
Total:   304 | Class: 6 | [0,0,0,0,0,0,304,0,0,0] | Acc: 100.00 | Acc2: 100.00 | Time: 0.513
Total:   304 | Class: 7 | [0,0,0,0,0,0,0,304,0,0] | Acc: 100.00 | Acc2: 100.00 | Time: 0.467
Total:   304 | Class: 8 | [0,0,0,0,0,0,0,0,304,0] | Acc: 100.00 | Acc2: 100.00 | Time: 0.471
Total:   304 | Class: 9 | [0,0,0,0,0,0,0,0,0,304] | Acc: 100.00 | Acc2: 100.00 | Time: 0.491
Total:   304 | Class: 0 | [304,0,0,0,0,0,0,0,0,0] | Acc: 100.00 | Acc2: 100.00 | Time: 0.519
Total:   304 | Class: 1 | [0,304,0,0,0,0,0,0,0,0] | Acc: 100.00 | Acc2: 100.00 | Time: 0.509
Total:   304 | Class: 2 | [0,0,304,0,0,0,0,0,0,0] | Acc: 100.00 | Acc2: 100.00 | Time: 0.548
Total:   304 | Class: 3 | [0,0,304,0,0,0,0,0,0,0] | Acc: 0.00 | Acc2: 0.00 | Time: 0.575
Total:   304 | Class: 4 | [0,0,304,0,0,0,0,0,0,0] | Acc: 0.00 | Acc2: 0.00 | Time: 0.502
Total:   304 | Class: 5 | [0,0,0,0,0,304,0,0,0,0] | Acc: 100.00 | Acc2: 100.00 | Time: 0.533
Total:   304 | Class: 6 | [0,0,0,0,0,0,304,0,0,0] | Acc: 100.00 | Acc2: 100.00 | Time: 0.489
Total:   304 | Class: 7 | [0,0,0,0,0,0,0,304,0,0] | Acc: 100.00 | Acc2: 100.00 | Time: 0.511
Total:   304 | Class: 8 | [0,0,0,0,0,0,0,0,304,0] | Acc: 100.00 | Acc2: 100.00 | Time: 0.513
Total:   304 | Class: 9 | [0,0,0,0,0,0,0,0,0,304] | Acc: 100.00 | Acc2: 100.00 | Time: 0.503
Total:   304 | Class: 0 | [304,0,0,0,0,0,0,0,0,0] | Acc: 100.00 | Acc2: 100.00 | Time: 0.504
Total:   304 | Class: 1 | [0,304,0,0,0,0,0,0,0,0] | Acc: 100.00 | Acc2: 100.00 | Time: 0.486
Total:   304 | Class: 2 | [0,0,304,0,0,0,0,0,0,0] | Acc: 100.00 | Acc2: 100.00 | Time: 0.510
Total:   304 | Class: 3 | [0,0,304,0,0,0,0,0,0,0] | Acc: 0.00 | Acc2: 0.00 | Time: 0.504
Total:   304 | Class: 4 | [0,0,304,0,0,0,0,0,0,0] | Acc: 0.00 | Acc2: 0.00 | Time: 0.519
Total:   304 | Class: 5 | [0,0,0,0,0,304,0,0,0,0] | Acc: 100.00 | Acc2: 100.00 | Time: 0.492
Total:   304 | Class: 6 | [0,0,0,0,0,0,304,0,0,0] | Acc: 100.00 | Acc2: 100.00 | Time: 0.502
Total:   304 | Class: 7 | [0,0,0,0,0,0,0,304,0,0] | Acc: 100.00 | Acc2: 100.00 | Time: 0.492
Total:   304 | Class: 8 | [0,0,0,0,0,0,0,0,304,0] | Acc: 100.00 | Acc2: 100.00 | Time: 0.512
Total:   304 | Class: 9 | [0,0,0,0,0,0,0,0,0,304] | Acc: 100.00 | Acc2: 100.00 | Time: 0.483
Total:   304 | Class: 0 | [304,0,0,0,0,0,0,0,0,0] | Acc: 100.00 | Acc2: 100.00 | Time: 0.508
Total:   304 | Class: 1 | [0,304,0,0,0,0,0,0,0,0] | Acc: 100.00 | Acc2: 100.00 | Time: 0.482
Total:   304 | Class: 2 | [0,0,304,0,0,0,0,0,0,0] | Acc: 100.00 | Acc2: 100.00 | Time: 0.509
Total:   304 | Class: 3 | [0,0,304,0,0,0,0,0,0,0] | Acc: 0.00 | Acc2: 0.00 | Time: 0.487
Total:   304 | Class: 4 | [0,0,304,0,0,0,0,0,0,0] | Acc: 0.00 | Acc2: 0.00 | Time: 0.510
Total:   304 | Class: 5 | [0,0,0,0,0,304,0,0,0,0] | Acc: 100.00 | Acc2: 100.00 | Time: 0.434
Total:   304 | Class: 6 | [0,0,0,0,0,0,304,0,0,0] | Acc: 100.00 | Acc2: 100.00 | Time: 0.544
Total:   304 | Class: 7 | [0,0,0,0,0,0,0,304,0,0] | Acc: 100.00 | Acc2: 100.00 | Time: 0.512
Total:   304 | Class: 8 | [0,0,0,0,0,0,0,0,304,0] | Acc: 100.00 | Acc2: 100.00 | Time: 0.416
Total:   304 | Class: 9 | [0,0,0,0,0,0,0,0,0,304] | Acc: 100.00 | Acc2: 100.00 | Time: 0.471
Total:   304 | Class: 0 | [304,0,0,0,0,0,0,0,0,0] | Acc: 100.00 | Acc2: 100.00 | Time: 0.478
Total:   304 | Class: 1 | [0,304,0,0,0,0,0,0,0,0] | Acc: 100.00 | Acc2: 100.00 | Time: 0.462
Total:   304 | Class: 2 | [0,0,304,0,0,0,0,0,0,0] | Acc: 100.00 | Acc2: 100.00 | Time: 0.484
Total:   304 | Class: 3 | [0,0,304,0,0,0,0,0,0,0] | Acc: 0.00 | Acc2: 0.00 | Time: 0.491
Total:   304 | Class: 4 | [0,0,304,0,0,0,0,0,0,0] | Acc: 0.00 | Acc2: 0.00 | Time: 0.473
Total:   304 | Class: 5 | [0,0,0,0,0,304,0,0,0,0] | Acc: 100.00 | Acc2: 100.00 | Time: 0.499
Total:   304 | Class: 6 | [0,0,0,0,0,0,304,0,0,0] | Acc: 100.00 | Acc2: 100.00 | Time: 0.480
Total:   304 | Class: 7 | [0,0,0,0,0,0,0,304,0,0] | Acc: 100.00 | Acc2: 100.00 | Time: 0.494
Total:   304 | Class: 8 | [0,0,0,0,0,0,0,0,304,0] | Acc: 100.00 | Acc2: 100.00 | Time: 0.507
Total:   304 | Class: 9 | [0,0,0,0,0,0,0,0,0,304] | Acc: 100.00 | Acc2: 100.00 | Time: 0.524
Total:   304 | Class: 0 | [304,0,0,0,0,0,0,0,0,0] | Acc: 100.00 | Acc2: 100.00 | Time: 0.516
Total:   304 | Class: 1 | [0,304,0,0,0,0,0,0,0,0] | Acc: 100.00 | Acc2: 100.00 | Time: 0.492
Total:   304 | Class: 2 | [0,0,304,0,0,0,0,0,0,0] | Acc: 100.00 | Acc2: 100.00 | Time: 0.507
Total:   304 | Class: 3 | [0,0,304,0,0,0,0,0,0,0] | Acc: 0.00 | Acc2: 0.00 | Time: 0.501
Total:   304 | Class: 4 | [0,0,304,0,0,0,0,0,0,0] | Acc: 0.00 | Acc2: 0.00 | Time: 0.496
Total:   304 | Class: 5 | [0,0,0,0,0,304,0,0,0,0] | Acc: 100.00 | Acc2: 100.00 | Time: 0.509
Total:   304 | Class: 6 | [0,0,0,0,0,0,304,0,0,0] | Acc: 100.00 | Acc2: 100.00 | Time: 0.510
Total:   304 | Class: 7 | [0,0,0,0,0,0,0,304,0,0] | Acc: 100.00 | Acc2: 100.00 | Time: 0.506
Total:   304 | Class: 8 | [0,0,0,0,0,0,0,0,304,0] | Acc: 100.00 | Acc2: 100.00 | Time: 0.512
Total:   304 | Class: 9 | [0,0,0,0,0,0,0,0,0,304] | Acc: 100.00 | Acc2: 100.00 | Time: 0.488
Total:   304 | Class: 0 | [304,0,0,0,0,0,0,0,0,0] | Acc: 100.00 | Acc2: 100.00 | Time: 0.520
Total:   304 | Class: 1 | [0,304,0,0,0,0,0,0,0,0] | Acc: 100.00 | Acc2: 100.00 | Time: 0.481
Total:   304 | Class: 2 | [0,0,304,0,0,0,0,0,0,0] | Acc: 100.00 | Acc2: 100.00 | Time: 0.546
Total:   304 | Class: 3 | [0,0,304,0,0,0,0,0,0,0] | Acc: 0.00 | Acc2: 0.00 | Time: 0.519
Total:   304 | Class: 4 | [0,0,304,0,0,0,0,0,0,0] | Acc: 0.00 | Acc2: 0.00 | Time: 0.491
Total:   304 | Class: 5 | [0,0,0,0,0,304,0,0,0,0] | Acc: 100.00 | Acc2: 100.00 | Time: 0.499
Total:   304 | Class: 6 | [0,0,0,0,0,0,304,0,0,0] | Acc: 100.00 | Acc2: 100.00 | Time: 0.472
Total:   304 | Class: 7 | [0,0,0,0,0,0,0,304,0,0] | Acc: 100.00 | Acc2: 100.00 | Time: 0.493
Total:   304 | Class: 8 | [0,0,0,0,0,0,0,0,304,0] | Acc: 100.00 | Acc2: 100.00 | Time: 0.502
Total:   304 | Class: 9 | [0,0,0,0,0,0,0,0,0,304] | Acc: 100.00 | Acc2: 100.00 | Time: 0.482
Total:   304 | Class: 0 | [304,0,0,0,0,0,0,0,0,0] | Acc: 100.00 | Acc2: 100.00 | Time: 0.503
Total:   304 | Class: 1 | [0,304,0,0,0,0,0,0,0,0] | Acc: 100.00 | Acc2: 100.00 | Time: 0.507
Total:   304 | Class: 2 | [0,0,304,0,0,0,0,0,0,0] | Acc: 100.00 | Acc2: 100.00 | Time: 0.515
Total:   304 | Class: 3 | [0,0,304,0,0,0,0,0,0,0] | Acc: 0.00 | Acc2: 0.00 | Time: 0.484
Total:   304 | Class: 4 | [0,0,304,0,0,0,0,0,0,0] | Acc: 0.00 | Acc2: 0.00 | Time: 0.495
Total:   304 | Class: 5 | [0,0,0,0,0,304,0,0,0,0] | Acc: 100.00 | Acc2: 100.00 | Time: 0.497
Total:   304 | Class: 6 | [0,0,0,0,0,0,304,0,0,0] | Acc: 100.00 | Acc2: 100.00 | Time: 0.506
Total:   304 | Class: 7 | [0,0,0,0,304,0,0,0,0,0] | Acc: 0.00 | Acc2: 0.00 | Time: 0.511
Total:   304 | Class: 8 | [0,0,0,0,0,0,0,0,304,0] | Acc: 100.00 | Acc2: 100.00 | Time: 0.503
Total:   304 | Class: 9 | [0,0,0,0,0,0,0,0,0,304] | Acc: 100.00 | Acc2: 100.00 | Time: 0.530
Total:   304 | Class: 0 | [304,0,0,0,0,0,0,0,0,0] | Acc: 100.00 | Acc2: 100.00 | Time: 0.508
Total:   304 | Class: 1 | [0,304,0,0,0,0,0,0,0,0] | Acc: 100.00 | Acc2: 100.00 | Time: 0.505
Total:   304 | Class: 2 | [0,0,304,0,0,0,0,0,0,0] | Acc: 100.00 | Acc2: 100.00 | Time: 0.504
Total:   304 | Class: 3 | [0,0,304,0,0,0,0,0,0,0] | Acc: 0.00 | Acc2: 0.00 | Time: 0.498
Total:   304 | Class: 4 | [0,0,304,0,0,0,0,0,0,0] | Acc: 0.00 | Acc2: 0.00 | Time: 0.502
Total:   304 | Class: 5 | [0,0,0,0,0,304,0,0,0,0] | Acc: 100.00 | Acc2: 100.00 | Time: 0.510
Total:   304 | Class: 6 | [0,0,0,0,0,0,304,0,0,0] | Acc: 100.00 | Acc2: 100.00 | Time: 0.506
Total:   304 | Class: 7 | [0,0,0,0,304,0,0,0,0,0] | Acc: 0.00 | Acc2: 0.00 | Time: 0.476
Total:   304 | Class: 8 | [0,0,0,0,0,0,0,0,304,0] | Acc: 100.00 | Acc2: 100.00 | Time: 0.465
Total:   304 | Class: 9 | [0,0,0,0,0,0,0,0,0,304] | Acc: 100.00 | Acc2: 100.00 | Time: 0.503
Total:   304 | Class: 0 | [304,0,0,0,0,0,0,0,0,0] | Acc: 100.00 | Acc2: 100.00 | Time: 0.509
Total:   304 | Class: 1 | [0,304,0,0,0,0,0,0,0,0] | Acc: 100.00 | Acc2: 100.00 | Time: 0.526
Total:   304 | Class: 2 | [0,0,304,0,0,0,0,0,0,0] | Acc: 100.00 | Acc2: 100.00 | Time: 0.518
Total:   304 | Class: 3 | [0,0,304,0,0,0,0,0,0,0] | Acc: 0.00 | Acc2: 0.00 | Time: 0.500
Total:   304 | Class: 4 | [0,0,304,0,0,0,0,0,0,0] | Acc: 0.00 | Acc2: 0.00 | Time: 0.509
Total:   304 | Class: 5 | [0,0,0,0,0,304,0,0,0,0] | Acc: 100.00 | Acc2: 100.00 | Time: 0.499
Total:   304 | Class: 6 | [0,0,0,0,0,0,304,0,0,0] | Acc: 100.00 | Acc2: 100.00 | Time: 0.493
Total:   304 | Class: 7 | [0,0,0,0,304,0,0,0,0,0] | Acc: 0.00 | Acc2: 0.00 | Time: 0.518
Total:   304 | Class: 8 | [0,0,0,0,0,0,0,0,304,0] | Acc: 100.00 | Acc2: 100.00 | Time: 0.506
Total:   304 | Class: 9 | [0,0,0,0,0,0,0,0,0,304] | Acc: 100.00 | Acc2: 100.00 | Time: 0.521
Total:   304 | Class: 0 | [304,0,0,0,0,0,0,0,0,0] | Acc: 100.00 | Acc2: 100.00 | Time: 0.515
Total:   304 | Class: 1 | [0,304,0,0,0,0,0,0,0,0] | Acc: 100.00 | Acc2: 100.00 | Time: 0.478
Total:   304 | Class: 2 | [0,0,304,0,0,0,0,0,0,0] | Acc: 100.00 | Acc2: 100.00 | Time: 0.525
Total:   304 | Class: 3 | [0,0,304,0,0,0,0,0,0,0] | Acc: 0.00 | Acc2: 0.00 | Time: 0.502
Total:   304 | Class: 4 | [0,0,304,0,0,0,0,0,0,0] | Acc: 0.00 | Acc2: 0.00 | Time: 0.523
Total:   304 | Class: 5 | [0,0,0,0,0,304,0,0,0,0] | Acc: 100.00 | Acc2: 100.00 | Time: 0.504
Total:   304 | Class: 6 | [0,0,0,0,0,0,304,0,0,0] | Acc: 100.00 | Acc2: 100.00 | Time: 0.522
Total:   304 | Class: 7 | [0,0,0,0,304,0,0,0,0,0] | Acc: 0.00 | Acc2: 0.00 | Time: 0.502
Total:   304 | Class: 8 | [0,0,0,0,0,0,0,0,304,0] | Acc: 100.00 | Acc2: 100.00 | Time: 0.502
Total:   304 | Class: 9 | [0,0,0,0,0,0,0,0,0,304] | Acc: 100.00 | Acc2: 100.00 | Time: 0.515
