Total:   304 | Class: 0 | [0,304,0,0,0,0,0,0,0,0] | Acc: 0.00 | Acc2: 0.00 | Time: 0.472
Total:   304 | Class: 1 | [0,0,0,304,0,0,0,0,0,0] | Acc: 0.00 | Acc2: 0.00 | Time: 0.439
Total:   304 | Class: 2 | [0,304,0,0,0,0,0,0,0,0] | Acc: 0.00 | Acc2: 0.00 | Time: 0.458
Total:   304 | Class: 3 | [0,304,0,0,0,0,0,0,0,0] | Acc: 0.00 | Acc2: 0.00 | Time: 0.452
Total:   304 | Class: 4 | [0,304,0,0,0,0,0,0,0,0] | Acc: 0.00 | Acc2: 0.00 | Time: 0.476
Total:   304 | Class: 5 | [0,304,0,0,0,0,0,0,0,0] | Acc: 0.00 | Acc2: 0.00 | Time: 0.409
Total:   304 | Class: 6 | [304,0,0,0,0,0,0,0,0,0] | Acc: 0.00 | Acc2: 0.00 | Time: 0.436
Total:   304 | Class: 7 | [0,304,0,0,0,0,0,0,0,0] | Acc: 0.00 | Acc2: 0.00 | Time: 0.441
Total:   304 | Class: 8 | [0,0,0,304,0,0,0,0,0,0] | Acc: 0.00 | Acc2: 0.00 | Time: 0.422
Total:   304 | Class: 9 | [0,304,0,0,0,0,0,0,0,0] | Acc: 0.00 | Acc2: 0.00 | Time: 0.414
Total:   304 | Class: 0 | [304,0,0,0,0,0,0,0,0,0] | Acc: 100.00 | Acc2: 100.00 | Time: 0.448
Total:   304 | Class: 1 | [0,304,0,0,0,0,0,0,0,0] | Acc: 100.00 | Acc2: 100.00 | Time: 0.432
Total:   304 | Class: 2 | [0,0,304,0,0,0,0,0,0,0] | Acc: 100.00 | Acc2: 100.00 | Time: 0.447
Total:   304 | Class: 3 | [0,0,304,0,0,0,0,0,0,0] | Acc: 0.00 | Acc2: 0.00 | Time: 0.435
Total:   304 | Class: 4 | [0,0,304,0,0,0,0,0,0,0] | Acc: 0.00 | Acc2: 0.00 | Time: 0.451
Total:   304 | Class: 5 | [0,0,0,0,0,304,0,0,0,0] | Acc: 100.00 | Acc2: 100.00 | Time: 0.431
Total:   304 | Class: 6 | [0,0,0,0,0,0,304,0,0,0] | Acc: 100.00 | Acc2: 0.00 | Time: 0.443
Total:   304 | Class: 7 | [0,0,0,0,0,0,0,304,0,0] | Acc: 100.00 | Acc2: 100.00 | Time: 0.432
Total:   304 | Class: 8 | [0,0,0,0,0,0,0,0,304,0] | Acc: 100.00 | Acc2: 100.00 | Time: 0.443
Total:   304 | Class: 9 | [0,0,0,0,0,0,0,0,0,304] | Acc: 100.00 | Acc2: 100.00 | Time: 0.438
Total:   304 | Class: 0 | [304,0,0,0,0,0,0,0,0,0] | Acc: 100.00 | Acc2: 100.00 | Time: 0.430
Total:   304 | Class: 1 | [0,304,0,0,0,0,0,0,0,0] | Acc: 100.00 | Acc2: 100.00 | Time: 0.443
Total:   304 | Class: 2 | [0,0,304,0,0,0,0,0,0,0] | Acc: 100.00 | Acc2: 100.00 | Time: 0.442
Total:   304 | Class: 3 | [0,0,304,0,0,0,0,0,0,0] | Acc: 0.00 | Acc2: 0.00 | Time: 0.488
Total:   304 | Class: 4 | [0,0,304,0,0,0,0,0,0,0] | Acc: 0.00 | Acc2: 0.00 | Time: 0.422
Total:   304 | Class: 5 | [0,0,0,0,0,304,0,0,0,0] | Acc: 100.00 | Acc2: 100.00 | Time: 0.437
Total:   304 | Class: 6 | [0,0,0,0,0,0,304,0,0,0] | Acc: 100.00 | Acc2: 0.00 | Time: 0.456
Total:   304 | Class: 7 | [0,0,0,0,0,0,0,304,0,0] | Acc: 100.00 | Acc2: 100.00 | Time: 0.432
Total:   304 | Class: 8 | [0,0,0,0,0,0,0,0,304,0] | Acc: 100.00 | Acc2: 100.00 | Time: 0.478
Total:   304 | Class: 9 | [0,0,0,0,0,0,0,0,0,304] | Acc: 100.00 | Acc2: 100.00 | Time: 0.483
Total:   304 | Class: 0 | [304,0,0,0,0,0,0,0,0,0] | Acc: 100.00 | Acc2: 100.00 | Time: 0.457
Total:   304 | Class: 1 | [0,304,0,0,0,0,0,0,0,0] | Acc: 100.00 | Acc2: 100.00 | Time: 0.507
Total:   304 | Class: 2 | [0,0,304,0,0,0,0,0,0,0] | Acc: 100.00 | Acc2: 100.00 | Time: 0.454
Total:   304 | Class: 3 | [0,0,304,0,0,0,0,0,0,0] | Acc: 0.00 | Acc2: 0.00 | Time: 0.466
Total:   304 | Class: 4 | [0,0,304,0,0,0,0,0,0,0] | Acc: 0.00 | Acc2: 0.00 | Time: 0.477
Total:   304 | Class: 5 | [0,0,0,0,0,304,0,0,0,0] | Acc: 100.00 | Acc2: 100.00 | Time: 0.457
Total:   304 | Class: 6 | [0,0,0,0,0,0,304,0,0,0] | Acc: 100.00 | Acc2: 100.00 | Time: 0.450
Total:   304 | Class: 7 | [0,0,0,0,0,0,0,304,0,0] | Acc: 100.00 | Acc2: 100.00 | Time: 0.468
Total:   304 | Class: 8 | [0,0,0,0,0,0,0,0,304,0] | Acc: 100.00 | Acc2: 100.00 | Time: 0.458
Total:   304 | Class: 9 | [0,0,0,0,0,0,0,0,0,304] | Acc: 100.00 | Acc2: 100.00 | Time: 0.473
Total:   304 | Class: 0 | [304,0,0,0,0,0,0,0,0,0] | Acc: 100.00 | Acc2: 100.00 | Time: 0.468
Total:   304 | Class: 1 | [0,304,0,0,0,0,0,0,0,0] | Acc: 100.00 | Acc2: 100.00 | Time: 0.450
Total:   304 | Class: 2 | [0,0,304,0,0,0,0,0,0,0] | Acc: 100.00 | Acc2: 100.00 | Time: 0.458
Total:   304 | Class: 3 | [0,0,304,0,0,0,0,0,0,0] | Acc: 0.00 | Acc2: 0.00 | Time: 0.532
Total:   304 | Class: 4 | [0,0,304,0,0,0,0,0,0,0] | Acc: 0.00 | Acc2: 0.00 | Time: 0.713
Total:   304 | Class: 5 | [0,0,0,0,0,304,0,0,0,0] | Acc: 100.00 | Acc2: 100.00 | Time: 0.582
Total:   304 | Class: 6 | [0,0,0,0,0,0,304,0,0,0] | Acc: 100.00 | Acc2: 100.00 | Time: 0.498
Total:   304 | Class: 7 | [0,0,0,0,0,0,0,304,0,0] | Acc: 100.00 | Acc2: 100.00 | Time: 0.531
Total:   304 | Class: 8 | [0,0,0,0,0,0,0,0,304,0] | Acc: 100.00 | Acc2: 100.00 | Time: 0.559
Total:   304 | Class: 9 | [0,0,0,0,0,0,0,0,0,304] | Acc: 100.00 | Acc2: 100.00 | Time: 0.477
Total:   304 | Class: 0 | [304,0,0,0,0,0,0,0,0,0] | Acc: 100.00 | Acc2: 100.00 | Time: 0.543
Total:   304 | Class: 1 | [0,304,0,0,0,0,0,0,0,0] | Acc: 100.00 | Acc2: 100.00 | Time: 0.484
Total:   304 | Class: 2 | [0,0,304,0,0,0,0,0,0,0] | Acc: 100.00 | Acc2: 100.00 | Time: 0.512
Total:   304 | Class: 3 | [0,0,304,0,0,0,0,0,0,0] | Acc: 0.00 | Acc2: 0.00 | Time: 0.520
Total:   304 | Class: 4 | [0,0,304,0,0,0,0,0,0,0] | Acc: 0.00 | Acc2: 0.00 | Time: 0.595
Total:   304 | Class: 5 | [0,0,0,0,0,304,0,0,0,0] | Acc: 100.00 | Acc2: 100.00 | Time: 0.683
Total:   304 | Class: 6 | [0,0,0,0,0,0,304,0,0,0] | Acc: 100.00 | Acc2: 100.00 | Time: 0.525
Total:   304 | Class: 7 | [0,0,0,0,0,0,0,304,0,0] | Acc: 100.00 | Acc2: 100.00 | Time: 0.519
Total:   304 | Class: 8 | [0,0,0,0,0,0,0,0,304,0] | Acc: 100.00 | Acc2: 100.00 | Time: 0.537
Total:   304 | Class: 9 | [0,0,0,0,0,0,0,0,0,304] | Acc: 100.00 | Acc2: 100.00 | Time: 0.477
Total:   304 | Class: 0 | [304,0,0,0,0,0,0,0,0,0] | Acc: 100.00 | Acc2: 100.00 | Time: 0.476
Total:   304 | Class: 1 | [0,304,0,0,0,0,0,0,0,0] | Acc: 100.00 | Acc2: 100.00 | Time: 0.419
Total:   304 | Class: 2 | [0,0,304,0,0,0,0,0,0,0] | Acc: 100.00 | Acc2: 100.00 | Time: 0.546
Total:   304 | Class: 3 | [0,0,304,0,0,0,0,0,0,0] | Acc: 0.00 | Acc2: 0.00 | Time: 0.652
Total:   304 | Class: 4 | [0,0,304,0,0,0,0,0,0,0] | Acc: 0.00 | Acc2: 0.00 | Time: 0.574
Total:   304 | Class: 5 | [0,0,0,0,0,304,0,0,0,0] | Acc: 100.00 | Acc2: 100.00 | Time: 0.573
Total:   304 | Class: 6 | [0,0,0,0,0,0,304,0,0,0] | Acc: 100.00 | Acc2: 100.00 | Time: 0.669
Total:   304 | Class: 7 | [0,0,0,0,0,0,0,304,0,0] | Acc: 100.00 | Acc2: 100.00 | Time: 0.658
Total:   304 | Class: 8 | [0,0,0,0,0,0,0,0,304,0] | Acc: 100.00 | Acc2: 100.00 | Time: 0.469
Total:   304 | Class: 9 | [0,0,0,0,0,0,0,0,0,304] | Acc: 100.00 | Acc2: 100.00 | Time: 0.514
Total:   304 | Class: 0 | [304,0,0,0,0,0,0,0,0,0] | Acc: 100.00 | Acc2: 100.00 | Time: 0.564
Total:   304 | Class: 1 | [0,304,0,0,0,0,0,0,0,0] | Acc: 100.00 | Acc2: 100.00 | Time: 0.678
Total:   304 | Class: 2 | [0,0,304,0,0,0,0,0,0,0] | Acc: 100.00 | Acc2: 100.00 | Time: 0.611
Total:   304 | Class: 3 | [0,0,304,0,0,0,0,0,0,0] | Acc: 0.00 | Acc2: 0.00 | Time: 0.485
Total:   304 | Class: 4 | [0,0,304,0,0,0,0,0,0,0] | Acc: 0.00 | Acc2: 0.00 | Time: 0.526
Total:   304 | Class: 5 | [0,0,0,0,0,304,0,0,0,0] | Acc: 100.00 | Acc2: 100.00 | Time: 0.471
Total:   304 | Class: 6 | [0,0,0,0,0,0,304,0,0,0] | Acc: 100.00 | Acc2: 100.00 | Time: 0.533
Total:   304 | Class: 7 | [0,0,0,0,0,0,0,304,0,0] | Acc: 100.00 | Acc2: 100.00 | Time: 0.445
Total:   304 | Class: 8 | [0,0,0,0,0,0,0,0,304,0] | Acc: 100.00 | Acc2: 100.00 | Time: 0.565
Total:   304 | Class: 9 | [0,0,0,0,0,0,0,0,0,304] | Acc: 100.00 | Acc2: 100.00 | Time: 0.630
Total:   304 | Class: 0 | [304,0,0,0,0,0,0,0,0,0] | Acc: 100.00 | Acc2: 100.00 | Time: 0.500
Total:   304 | Class: 1 | [0,304,0,0,0,0,0,0,0,0] | Acc: 100.00 | Acc2: 100.00 | Time: 0.479
Total:   304 | Class: 2 | [0,0,304,0,0,0,0,0,0,0] | Acc: 100.00 | Acc2: 100.00 | Time: 0.511
Total:   304 | Class: 3 | [0,0,304,0,0,0,0,0,0,0] | Acc: 0.00 | Acc2: 0.00 | Time: 0.484
Total:   304 | Class: 4 | [0,0,304,0,0,0,0,0,0,0] | Acc: 0.00 | Acc2: 0.00 | Time: 0.517
Total:   304 | Class: 5 | [0,0,0,0,0,304,0,0,0,0] | Acc: 100.00 | Acc2: 100.00 | Time: 0.638
Total:   304 | Class: 6 | [0,0,0,0,0,0,304,0,0,0] | Acc: 100.00 | Acc2: 100.00 | Time: 0.517
Total:   304 | Class: 7 | [0,0,0,0,0,0,0,304,0,0] | Acc: 100.00 | Acc2: 100.00 | Time: 0.481
Total:   304 | Class: 8 | [0,0,0,0,0,0,0,0,304,0] | Acc: 100.00 | Acc2: 100.00 | Time: 0.648
Total:   304 | Class: 9 | [0,0,0,0,0,0,0,0,0,304] | Acc: 100.00 | Acc2: 100.00 | Time: 0.682
Total:   304 | Class: 0 | [304,0,0,0,0,0,0,0,0,0] | Acc: 100.00 | Acc2: 100.00 | Time: 0.458
Total:   304 | Class: 1 | [0,304,0,0,0,0,0,0,0,0] | Acc: 100.00 | Acc2: 100.00 | Time: 0.492
Total:   304 | Class: 2 | [0,0,304,0,0,0,0,0,0,0] | Acc: 100.00 | Acc2: 100.00 | Time: 0.546
Total:   304 | Class: 3 | [0,0,304,0,0,0,0,0,0,0] | Acc: 0.00 | Acc2: 0.00 | Time: 0.528
Total:   304 | Class: 4 | [0,0,304,0,0,0,0,0,0,0] | Acc: 0.00 | Acc2: 0.00 | Time: 0.567
Total:   304 | Class: 5 | [0,0,0,0,0,304,0,0,0,0] | Acc: 100.00 | Acc2: 100.00 | Time: 0.554
Total:   304 | Class: 6 | [0,0,0,0,0,0,304,0,0,0] | Acc: 100.00 | Acc2: 100.00 | Time: 0.522
Total:   304 | Class: 7 | [0,0,0,0,0,0,0,304,0,0] | Acc: 100.00 | Acc2: 100.00 | Time: 0.464
Total:   304 | Class: 8 | [0,0,0,0,0,0,0,0,304,0] | Acc: 100.00 | Acc2: 100.00 | Time: 0.473
Total:   304 | Class: 9 | [0,0,0,0,0,0,0,0,0,304] | Acc: 100.00 | Acc2: 100.00 | Time: 0.629
Total:   304 | Class: 0 | [304,0,0,0,0,0,0,0,0,0] | Acc: 100.00 | Acc2: 100.00 | Time: 0.660
Total:   304 | Class: 1 | [0,304,0,0,0,0,0,0,0,0] | Acc: 100.00 | Acc2: 100.00 | Time: 0.555
Total:   304 | Class: 2 | [0,0,304,0,0,0,0,0,0,0] | Acc: 100.00 | Acc2: 100.00 | Time: 0.521
Total:   304 | Class: 3 | [0,0,304,0,0,0,0,0,0,0] | Acc: 0.00 | Acc2: 0.00 | Time: 0.498
Total:   304 | Class: 4 | [0,0,304,0,0,0,0,0,0,0] | Acc: 0.00 | Acc2: 0.00 | Time: 0.530
Total:   304 | Class: 5 | [0,0,0,0,0,304,0,0,0,0] | Acc: 100.00 | Acc2: 100.00 | Time: 0.687
Total:   304 | Class: 6 | [0,0,0,0,0,0,304,0,0,0] | Acc: 100.00 | Acc2: 100.00 | Time: 0.499
Total:   304 | Class: 7 | [0,0,0,0,0,0,0,304,0,0] | Acc: 100.00 | Acc2: 100.00 | Time: 0.493
Total:   304 | Class: 8 | [0,0,0,0,0,0,0,0,304,0] | Acc: 100.00 | Acc2: 100.00 | Time: 0.685
Total:   304 | Class: 9 | [0,0,0,0,0,0,0,0,0,304] | Acc: 100.00 | Acc2: 100.00 | Time: 0.529
Total:   304 | Class: 0 | [304,0,0,0,0,0,0,0,0,0] | Acc: 100.00 | Acc2: 100.00 | Time: 0.519
Total:   304 | Class: 1 | [0,304,0,0,0,0,0,0,0,0] | Acc: 100.00 | Acc2: 100.00 | Time: 0.623
Total:   304 | Class: 2 | [0,0,304,0,0,0,0,0,0,0] | Acc: 100.00 | Acc2: 100.00 | Time: 0.529
Total:   304 | Class: 3 | [0,0,304,0,0,0,0,0,0,0] | Acc: 0.00 | Acc2: 0.00 | Time: 0.546
Total:   304 | Class: 4 | [0,0,304,0,0,0,0,0,0,0] | Acc: 0.00 | Acc2: 0.00 | Time: 0.616
Total:   304 | Class: 5 | [0,0,0,0,0,304,0,0,0,0] | Acc: 100.00 | Acc2: 100.00 | Time: 0.485
Total:   304 | Class: 6 | [0,0,0,0,0,0,304,0,0,0] | Acc: 100.00 | Acc2: 100.00 | Time: 0.559
Total:   304 | Class: 7 | [0,0,304,0,0,0,0,0,0,0] | Acc: 0.00 | Acc2: 0.00 | Time: 0.535
Total:   304 | Class: 8 | [0,0,0,0,0,0,0,0,304,0] | Acc: 100.00 | Acc2: 100.00 | Time: 0.532
Total:   304 | Class: 9 | [0,0,0,0,0,0,0,0,0,304] | Acc: 100.00 | Acc2: 100.00 | Time: 0.514
Total:   304 | Class: 0 | [304,0,0,0,0,0,0,0,0,0] | Acc: 100.00 | Acc2: 100.00 | Time: 0.556
Total:   304 | Class: 1 | [0,304,0,0,0,0,0,0,0,0] | Acc: 100.00 | Acc2: 100.00 | Time: 0.460
Total:   304 | Class: 2 | [0,0,304,0,0,0,0,0,0,0] | Acc: 100.00 | Acc2: 100.00 | Time: 0.483
Total:   304 | Class: 3 | [0,0,304,0,0,0,0,0,0,0] | Acc: 0.00 | Acc2: 0.00 | Time: 0.466
Total:   304 | Class: 4 | [0,0,304,0,0,0,0,0,0,0] | Acc: 0.00 | Acc2: 0.00 | Time: 0.640
Total:   304 | Class: 5 | [0,0,0,0,0,304,0,0,0,0] | Acc: 100.00 | Acc2: 100.00 | Time: 0.577
Total:   304 | Class: 6 | [0,0,0,0,0,0,304,0,0,0] | Acc: 100.00 | Acc2: 100.00 | Time: 0.617
Total:   304 | Class: 7 | [0,0,304,0,0,0,0,0,0,0] | Acc: 0.00 | Acc2: 0.00 | Time: 0.533
Total:   304 | Class: 8 | [0,0,0,0,0,0,0,0,304,0] | Acc: 100.00 | Acc2: 100.00 | Time: 0.617
Total:   304 | Class: 9 | [0,0,0,0,0,0,0,0,0,304] | Acc: 100.00 | Acc2: 100.00 | Time: 0.551
Total:   304 | Class: 0 | [304,0,0,0,0,0,0,0,0,0] | Acc: 100.00 | Acc2: 100.00 | Time: 0.527
Total:   304 | Class: 1 | [0,304,0,0,0,0,0,0,0,0] | Acc: 100.00 | Acc2: 100.00 | Time: 0.466
Total:   304 | Class: 2 | [0,0,304,0,0,0,0,0,0,0] | Acc: 100.00 | Acc2: 100.00 | Time: 0.774
Total:   304 | Class: 3 | [0,0,304,0,0,0,0,0,0,0] | Acc: 0.00 | Acc2: 0.00 | Time: 0.540
Total:   304 | Class: 4 | [0,0,304,0,0,0,0,0,0,0] | Acc: 0.00 | Acc2: 0.00 | Time: 0.596
Total:   304 | Class: 5 | [0,0,0,0,0,304,0,0,0,0] | Acc: 100.00 | Acc2: 100.00 | Time: 0.504
Total:   304 | Class: 6 | [0,0,0,0,0,0,304,0,0,0] | Acc: 100.00 | Acc2: 100.00 | Time: 0.741
Total:   304 | Class: 7 | [0,0,304,0,0,0,0,0,0,0] | Acc: 0.00 | Acc2: 0.00 | Time: 0.442
Total:   304 | Class: 8 | [0,0,0,0,0,0,0,0,304,0] | Acc: 100.00 | Acc2: 100.00 | Time: 0.504
Total:   304 | Class: 9 | [0,0,0,0,0,0,0,0,0,304] | Acc: 100.00 | Acc2: 100.00 | Time: 0.577
Total:   304 | Class: 0 | [304,0,0,0,0,0,0,0,0,0] | Acc: 100.00 | Acc2: 100.00 | Time: 0.495
Total:   304 | Class: 1 | [0,304,0,0,0,0,0,0,0,0] | Acc: 100.00 | Acc2: 100.00 | Time: 0.598
Total:   304 | Class: 2 | [0,0,304,0,0,0,0,0,0,0] | Acc: 100.00 | Acc2: 100.00 | Time: 0.475
Total:   304 | Class: 3 | [0,0,304,0,0,0,0,0,0,0] | Acc: 0.00 | Acc2: 0.00 | Time: 0.481
Total:   304 | Class: 4 | [0,0,304,0,0,0,0,0,0,0] | Acc: 0.00 | Acc2: 0.00 | Time: 0.561
Total:   304 | Class: 5 | [0,0,0,0,0,304,0,0,0,0] | Acc: 100.00 | Acc2: 100.00 | Time: 0.483
Total:   304 | Class: 6 | [0,0,0,0,0,0,304,0,0,0] | Acc: 100.00 | Acc2: 100.00 | Time: 0.551
Total:   304 | Class: 7 | [0,0,304,0,0,0,0,0,0,0] | Acc: 0.00 | Acc2: 0.00 | Time: 0.595
Total:   304 | Class: 8 | [0,0,0,0,0,0,0,0,304,0] | Acc: 100.00 | Acc2: 100.00 | Time: 0.515
Total:   304 | Class: 9 | [0,0,0,0,0,0,0,0,0,304] | Acc: 100.00 | Acc2: 100.00 | Time: 0.720
Total:   304 | Class: 0 | [304,0,0,0,0,0,0,0,0,0] | Acc: 100.00 | Acc2: 100.00 | Time: 0.622
Total:   304 | Class: 1 | [0,304,0,0,0,0,0,0,0,0] | Acc: 100.00 | Acc2: 100.00 | Time: 0.536
Total:   304 | Class: 2 | [0,0,304,0,0,0,0,0,0,0] | Acc: 100.00 | Acc2: 100.00 | Time: 0.536
Total:   304 | Class: 3 | [0,0,304,0,0,0,0,0,0,0] | Acc: 0.00 | Acc2: 0.00 | Time: 0.504
Total:   304 | Class: 4 | [0,0,304,0,0,0,0,0,0,0] | Acc: 0.00 | Acc2: 0.00 | Time: 0.658
Total:   304 | Class: 5 | [0,0,0,0,0,304,0,0,0,0] | Acc: 100.00 | Acc2: 100.00 | Time: 0.677
Total:   304 | Class: 6 | [0,0,0,0,0,0,304,0,0,0] | Acc: 100.00 | Acc2: 100.00 | Time: 0.499
Total:   304 | Class: 7 | [0,0,304,0,0,0,0,0,0,0] | Acc: 0.00 | Acc2: 0.00 | Time: 0.665
Total:   304 | Class: 8 | [0,0,0,0,0,0,0,0,304,0] | Acc: 100.00 | Acc2: 100.00 | Time: 0.603
Total:   304 | Class: 9 | [0,0,0,0,0,0,0,0,0,304] | Acc: 100.00 | Acc2: 100.00 | Time: 0.720
Total:   304 | Class: 0 | [304,0,0,0,0,0,0,0,0,0] | Acc: 100.00 | Acc2: 100.00 | Time: 0.472
Total:   304 | Class: 1 | [0,304,0,0,0,0,0,0,0,0] | Acc: 100.00 | Acc2: 100.00 | Time: 0.519
Total:   304 | Class: 2 | [0,0,304,0,0,0,0,0,0,0] | Acc: 100.00 | Acc2: 100.00 | Time: 0.548
Total:   304 | Class: 3 | [0,0,304,0,0,0,0,0,0,0] | Acc: 0.00 | Acc2: 0.00 | Time: 0.502
Total:   304 | Class: 4 | [0,0,304,0,0,0,0,0,0,0] | Acc: 0.00 | Acc2: 0.00 | Time: 0.732
Total:   304 | Class: 5 | [0,0,0,0,0,304,0,0,0,0] | Acc: 100.00 | Acc2: 100.00 | Time: 0.459
Total:   304 | Class: 6 | [0,0,0,0,0,0,304,0,0,0] | Acc: 100.00 | Acc2: 100.00 | Time: 0.504
Total:   304 | Class: 7 | [0,0,304,0,0,0,0,0,0,0] | Acc: 0.00 | Acc2: 0.00 | Time: 0.548
Total:   304 | Class: 8 | [0,0,0,0,0,0,0,0,304,0] | Acc: 100.00 | Acc2: 100.00 | Time: 0.701
Total:   304 | Class: 9 | [0,0,0,0,0,0,0,0,0,304] | Acc: 100.00 | Acc2: 100.00 | Time: 0.457
Total:   304 | Class: 0 | [304,0,0,0,0,0,0,0,0,0] | Acc: 100.00 | Acc2: 100.00 | Time: 0.448
Total:   304 | Class: 1 | [0,304,0,0,0,0,0,0,0,0] | Acc: 100.00 | Acc2: 100.00 | Time: 0.690
Total:   304 | Class: 2 | [0,0,304,0,0,0,0,0,0,0] | Acc: 100.00 | Acc2: 100.00 | Time: 0.492
Total:   304 | Class: 3 | [0,0,304,0,0,0,0,0,0,0] | Acc: 0.00 | Acc2: 0.00 | Time: 0.432
Total:   304 | Class: 4 | [0,0,304,0,0,0,0,0,0,0] | Acc: 0.00 | Acc2: 0.00 | Time: 0.481
Total:   304 | Class: 5 | [0,0,0,0,0,304,0,0,0,0] | Acc: 100.00 | Acc2: 100.00 | Time: 0.624
Total:   304 | Class: 6 | [0,0,0,0,0,0,304,0,0,0] | Acc: 100.00 | Acc2: 100.00 | Time: 0.612
Total:   304 | Class: 7 | [0,0,304,0,0,0,0,0,0,0] | Acc: 0.00 | Acc2: 0.00 | Time: 0.504
Total:   304 | Class: 8 | [0,0,0,0,0,0,0,0,304,0] | Acc: 100.00 | Acc2: 100.00 | Time: 0.615
Total:   304 | Class: 9 | [0,0,0,0,0,0,0,0,0,304] | Acc: 100.00 | Acc2: 100.00 | Time: 0.473
Total:   304 | Class: 0 | [304,0,0,0,0,0,0,0,0,0] | Acc: 100.00 | Acc2: 100.00 | Time: 0.515
Total:   304 | Class: 1 | [0,304,0,0,0,0,0,0,0,0] | Acc: 100.00 | Acc2: 100.00 | Time: 0.598
Total:   304 | Class: 2 | [0,0,304,0,0,0,0,0,0,0] | Acc: 100.00 | Acc2: 100.00 | Time: 0.532
Total:   304 | Class: 3 | [0,0,304,0,0,0,0,0,0,0] | Acc: 0.00 | Acc2: 0.00 | Time: 0.550
Total:   304 | Class: 4 | [0,0,304,0,0,0,0,0,0,0] | Acc: 0.00 | Acc2: 0.00 | Time: 0.501
Total:   304 | Class: 5 | [0,0,0,0,0,304,0,0,0,0] | Acc: 100.00 | Acc2: 100.00 | Time: 0.458
Total:   304 | Class: 6 | [0,0,0,0,0,0,304,0,0,0] | Acc: 100.00 | Acc2: 100.00 | Time: 0.484
Total:   304 | Class: 7 | [0,0,304,0,0,0,0,0,0,0] | Acc: 0.00 | Acc2: 0.00 | Time: 0.507
Total:   304 | Class: 8 | [0,0,0,0,0,0,0,0,304,0] | Acc: 100.00 | Acc2: 100.00 | Time: 0.494
Total:   304 | Class: 9 | [0,0,0,0,0,0,0,0,0,304] | Acc: 100.00 | Acc2: 100.00 | Time: 0.509
Total:   304 | Class: 0 | [304,0,0,0,0,0,0,0,0,0] | Acc: 100.00 | Acc2: 100.00 | Time: 0.504
Total:   304 | Class: 1 | [0,304,0,0,0,0,0,0,0,0] | Acc: 100.00 | Acc2: 100.00 | Time: 0.535
Total:   304 | Class: 2 | [0,0,304,0,0,0,0,0,0,0] | Acc: 100.00 | Acc2: 100.00 | Time: 0.515
Total:   304 | Class: 3 | [0,0,304,0,0,0,0,0,0,0] | Acc: 0.00 | Acc2: 0.00 | Time: 0.513
Total:   304 | Class: 4 | [0,0,304,0,0,0,0,0,0,0] | Acc: 0.00 | Acc2: 0.00 | Time: 0.645
Total:   304 | Class: 5 | [0,0,0,0,0,304,0,0,0,0] | Acc: 100.00 | Acc2: 100.00 | Time: 0.515
Total:   304 | Class: 6 | [0,0,0,0,0,0,304,0,0,0] | Acc: 100.00 | Acc2: 100.00 | Time: 0.710
Total:   304 | Class: 7 | [0,0,304,0,0,0,0,0,0,0] | Acc: 0.00 | Acc2: 0.00 | Time: 0.598
Total:   304 | Class: 8 | [0,0,0,0,0,0,0,0,304,0] | Acc: 100.00 | Acc2: 100.00 | Time: 0.676
Total:   304 | Class: 9 | [0,0,0,0,0,0,0,0,0,304] | Acc: 100.00 | Acc2: 100.00 | Time: 0.507
