Total:   270 | Class: 0 | [270,0,0,0,0,0,0,0,0,0] | Acc: 100.00 | Acc2: 100.00 | Time: 0.472
Total:   270 | Class: 1 | [270,0,0,0,0,0,0,0,0,0] | Acc: 0.00 | Acc2: 0.00 | Time: 0.455
Total:   270 | Class: 2 | [270,0,0,0,0,0,0,0,0,0] | Acc: 0.00 | Acc2: 0.00 | Time: 0.432
Total:   270 | Class: 3 | [270,0,0,0,0,0,0,0,0,0] | Acc: 0.00 | Acc2: 0.00 | Time: 0.481
Total:   270 | Class: 4 | [270,0,0,0,0,0,0,0,0,0] | Acc: 0.00 | Acc2: 0.00 | Time: 0.484
Total:   270 | Class: 5 | [270,0,0,0,0,0,0,0,0,0] | Acc: 0.00 | Acc2: 0.00 | Time: 0.464
Total:   270 | Class: 6 | [270,0,0,0,0,0,0,0,0,0] | Acc: 0.00 | Acc2: 0.00 | Time: 0.443
Total:   270 | Class: 7 | [270,0,0,0,0,0,0,0,0,0] | Acc: 0.00 | Acc2: 0.00 | Time: 0.468
Total:   270 | Class: 8 | [270,0,0,0,0,0,0,0,0,0] | Acc: 0.00 | Acc2: 0.00 | Time: 0.453
Total:   270 | Class: 9 | [270,0,0,0,0,0,0,0,0,0] | Acc: 0.00 | Acc2: 0.00 | Time: 0.456
Total:   270 | Class: 0 | [270,0,0,0,0,0,0,0,0,0] | Acc: 100.00 | Acc2: 100.00 | Time: 0.506
Total:   270 | Class: 1 | [0,270,0,0,0,0,0,0,0,0] | Acc: 100.00 | Acc2: 100.00 | Time: 0.413
Total:   270 | Class: 2 | [0,0,270,0,0,0,0,0,0,0] | Acc: 100.00 | Acc2: 100.00 | Time: 0.453
Total:   270 | Class: 3 | [0,0,270,0,0,0,0,0,0,0] | Acc: 0.00 | Acc2: 0.00 | Time: 0.441
Total:   270 | Class: 4 | [0,0,270,0,0,0,0,0,0,0] | Acc: 0.00 | Acc2: 0.00 | Time: 0.457
Total:   270 | Class: 5 | [0,0,0,0,0,270,0,0,0,0] | Acc: 100.00 | Acc2: 100.00 | Time: 0.465
Total:   270 | Class: 6 | [0,0,0,0,0,0,270,0,0,0] | Acc: 100.00 | Acc2: 0.00 | Time: 0.465
Total:   270 | Class: 7 | [0,0,0,0,0,0,0,270,0,0] | Acc: 100.00 | Acc2: 100.00 | Time: 0.461
Total:   270 | Class: 8 | [0,0,0,0,0,0,0,0,270,0] | Acc: 100.00 | Acc2: 100.00 | Time: 0.469
Total:   270 | Class: 9 | [0,0,0,0,0,0,0,0,0,270] | Acc: 100.00 | Acc2: 100.00 | Time: 0.476
Total:   270 | Class: 0 | [270,0,0,0,0,0,0,0,0,0] | Acc: 100.00 | Acc2: 100.00 | Time: 0.508
Total:   270 | Class: 1 | [0,270,0,0,0,0,0,0,0,0] | Acc: 100.00 | Acc2: 100.00 | Time: 0.469
Total:   270 | Class: 2 | [0,0,270,0,0,0,0,0,0,0] | Acc: 100.00 | Acc2: 100.00 | Time: 0.474
Total:   270 | Class: 3 | [0,0,270,0,0,0,0,0,0,0] | Acc: 0.00 | Acc2: 0.00 | Time: 0.550
Total:   270 | Class: 4 | [0,0,270,0,0,0,0,0,0,0] | Acc: 0.00 | Acc2: 0.00 | Time: 0.502
Total:   270 | Class: 5 | [0,0,0,0,0,270,0,0,0,0] | Acc: 100.00 | Acc2: 100.00 | Time: 0.478
Total:   270 | Class: 6 | [0,0,0,0,0,0,270,0,0,0] | Acc: 100.00 | Acc2: 0.00 | Time: 0.491
Total:   270 | Class: 7 | [0,0,0,0,0,0,0,270,0,0] | Acc: 100.00 | Acc2: 100.00 | Time: 0.475
Total:   270 | Class: 8 | [0,0,0,0,0,0,0,0,270,0] | Acc: 100.00 | Acc2: 100.00 | Time: 0.437
Total:   270 | Class: 9 | [0,0,0,0,0,0,0,0,0,270] | Acc: 100.00 | Acc2: 100.00 | Time: 0.462
Total:   270 | Class: 0 | [270,0,0,0,0,0,0,0,0,0] | Acc: 100.00 | Acc2: 100.00 | Time: 0.526
Total:   270 | Class: 1 | [0,270,0,0,0,0,0,0,0,0] | Acc: 100.00 | Acc2: 100.00 | Time: 0.428
Total:   270 | Class: 2 | [0,0,270,0,0,0,0,0,0,0] | Acc: 100.00 | Acc2: 100.00 | Time: 0.442
Total:   270 | Class: 3 | [0,0,270,0,0,0,0,0,0,0] | Acc: 0.00 | Acc2: 0.00 | Time: 0.467
Total:   270 | Class: 4 | [0,0,270,0,0,0,0,0,0,0] | Acc: 0.00 | Acc2: 0.00 | Time: 0.455
Total:   270 | Class: 5 | [0,0,0,0,0,270,0,0,0,0] | Acc: 100.00 | Acc2: 100.00 | Time: 0.473
Total:   270 | Class: 6 | [0,0,0,0,0,0,270,0,0,0] | Acc: 100.00 | Acc2: 100.00 | Time: 0.475
Total:   270 | Class: 7 | [0,0,0,0,0,0,0,270,0,0] | Acc: 100.00 | Acc2: 100.00 | Time: 0.434
Total:   270 | Class: 8 | [0,0,0,0,0,0,0,0,270,0] | Acc: 100.00 | Acc2: 100.00 | Time: 0.462
Total:   270 | Class: 9 | [0,0,0,0,0,0,0,0,0,270] | Acc: 100.00 | Acc2: 100.00 | Time: 0.477
Total:   270 | Class: 0 | [270,0,0,0,0,0,0,0,0,0] | Acc: 100.00 | Acc2: 100.00 | Time: 0.522
Total:   270 | Class: 1 | [0,270,0,0,0,0,0,0,0,0] | Acc: 100.00 | Acc2: 100.00 | Time: 0.412
Total:   270 | Class: 2 | [0,0,270,0,0,0,0,0,0,0] | Acc: 100.00 | Acc2: 100.00 | Time: 0.525
Total:   270 | Class: 3 | [0,0,270,0,0,0,0,0,0,0] | Acc: 0.00 | Acc2: 0.00 | Time: 0.486
Total:   270 | Class: 4 | [0,0,270,0,0,0,0,0,0,0] | Acc: 0.00 | Acc2: 0.00 | Time: 0.455
Total:   270 | Class: 5 | [0,0,0,0,0,270,0,0,0,0] | Acc: 100.00 | Acc2: 100.00 | Time: 0.468
Total:   270 | Class: 6 | [0,0,0,0,0,0,270,0,0,0] | Acc: 100.00 | Acc2: 100.00 | Time: 0.471
Total:   270 | Class: 7 | [0,0,0,0,0,0,0,270,0,0] | Acc: 100.00 | Acc2: 100.00 | Time: 0.451
Total:   270 | Class: 8 | [0,0,0,0,0,0,0,0,270,0] | Acc: 100.00 | Acc2: 100.00 | Time: 0.446
Total:   270 | Class: 9 | [0,0,0,0,0,0,0,0,0,270] | Acc: 100.00 | Acc2: 100.00 | Time: 0.478
Total:   270 | Class: 0 | [270,0,0,0,0,0,0,0,0,0] | Acc: 100.00 | Acc2: 100.00 | Time: 0.504
Total:   270 | Class: 1 | [0,270,0,0,0,0,0,0,0,0] | Acc: 100.00 | Acc2: 100.00 | Time: 0.416
Total:   270 | Class: 2 | [0,0,270,0,0,0,0,0,0,0] | Acc: 100.00 | Acc2: 100.00 | Time: 0.470
Total:   270 | Class: 3 | [0,0,270,0,0,0,0,0,0,0] | Acc: 0.00 | Acc2: 0.00 | Time: 0.417
Total:   270 | Class: 4 | [0,0,270,0,0,0,0,0,0,0] | Acc: 0.00 | Acc2: 0.00 | Time: 0.473
Total:   270 | Class: 5 | [0,0,0,0,0,270,0,0,0,0] | Acc: 100.00 | Acc2: 100.00 | Time: 0.470
Total:   270 | Class: 6 | [0,0,0,0,0,0,270,0,0,0] | Acc: 100.00 | Acc2: 100.00 | Time: 0.424
Total:   270 | Class: 7 | [0,0,0,0,0,0,0,270,0,0] | Acc: 100.00 | Acc2: 100.00 | Time: 0.437
Total:   270 | Class: 8 | [0,0,0,0,0,0,0,0,270,0] | Acc: 100.00 | Acc2: 100.00 | Time: 0.515
Total:   270 | Class: 9 | [0,0,0,0,0,0,0,0,0,270] | Acc: 100.00 | Acc2: 100.00 | Time: 0.462
Total:   270 | Class: 0 | [270,0,0,0,0,0,0,0,0,0] | Acc: 100.00 | Acc2: 100.00 | Time: 0.517
Total:   270 | Class: 1 | [0,270,0,0,0,0,0,0,0,0] | Acc: 100.00 | Acc2: 100.00 | Time: 0.417
Total:   270 | Class: 2 | [0,0,270,0,0,0,0,0,0,0] | Acc: 100.00 | Acc2: 100.00 | Time: 0.635
Total:   270 | Class: 3 | [0,0,270,0,0,0,0,0,0,0] | Acc: 0.00 | Acc2: 0.00 | Time: 0.490
Total:   270 | Class: 4 | [0,0,270,0,0,0,0,0,0,0] | Acc: 0.00 | Acc2: 0.00 | Time: 0.449
Total:   270 | Class: 5 | [0,0,0,0,0,270,0,0,0,0] | Acc: 100.00 | Acc2: 100.00 | Time: 0.486
Total:   270 | Class: 6 | [0,0,0,0,0,0,270,0,0,0] | Acc: 100.00 | Acc2: 100.00 | Time: 0.464
Total:   270 | Class: 7 | [0,0,0,0,0,0,0,270,0,0] | Acc: 100.00 | Acc2: 100.00 | Time: 0.452
Total:   270 | Class: 8 | [0,0,0,0,0,0,0,0,270,0] | Acc: 100.00 | Acc2: 100.00 | Time: 0.491
Total:   270 | Class: 9 | [0,0,0,0,0,0,0,0,0,270] | Acc: 100.00 | Acc2: 100.00 | Time: 0.480
Total:   270 | Class: 0 | [270,0,0,0,0,0,0,0,0,0] | Acc: 100.00 | Acc2: 100.00 | Time: 0.513
Total:   270 | Class: 1 | [0,270,0,0,0,0,0,0,0,0] | Acc: 100.00 | Acc2: 100.00 | Time: 0.478
Total:   270 | Class: 2 | [0,0,270,0,0,0,0,0,0,0] | Acc: 100.00 | Acc2: 100.00 | Time: 0.466
Total:   270 | Class: 3 | [0,0,270,0,0,0,0,0,0,0] | Acc: 0.00 | Acc2: 0.00 | Time: 0.472
Total:   270 | Class: 4 | [0,0,270,0,0,0,0,0,0,0] | Acc: 0.00 | Acc2: 0.00 | Time: 0.591
Total:   270 | Class: 5 | [0,0,0,0,0,270,0,0,0,0] | Acc: 100.00 | Acc2: 100.00 | Time: 0.461
Total:   270 | Class: 6 | [0,0,0,0,0,0,270,0,0,0] | Acc: 100.00 | Acc2: 100.00 | Time: 0.422
Total:   270 | Class: 7 | [0,0,0,0,0,0,0,270,0,0] | Acc: 100.00 | Acc2: 100.00 | Time: 0.481
Total:   270 | Class: 8 | [0,0,0,0,0,0,0,0,270,0] | Acc: 100.00 | Acc2: 100.00 | Time: 0.479
Total:   270 | Class: 9 | [0,0,0,0,0,0,0,0,0,270] | Acc: 100.00 | Acc2: 100.00 | Time: 0.446
Total:   270 | Class: 0 | [270,0,0,0,0,0,0,0,0,0] | Acc: 100.00 | Acc2: 100.00 | Time: 0.535
Total:   270 | Class: 1 | [0,0,270,0,0,0,0,0,0,0] | Acc: 0.00 | Acc2: 0.00 | Time: 0.398
Total:   270 | Class: 2 | [0,0,270,0,0,0,0,0,0,0] | Acc: 100.00 | Acc2: 100.00 | Time: 0.427
Total:   270 | Class: 3 | [0,0,270,0,0,0,0,0,0,0] | Acc: 0.00 | Acc2: 0.00 | Time: 0.386
Total:   270 | Class: 4 | [0,0,270,0,0,0,0,0,0,0] | Acc: 0.00 | Acc2: 0.00 | Time: 0.471
Total:   270 | Class: 5 | [0,0,0,0,0,270,0,0,0,0] | Acc: 100.00 | Acc2: 100.00 | Time: 0.470
Total:   270 | Class: 6 | [0,0,0,0,0,0,270,0,0,0] | Acc: 100.00 | Acc2: 100.00 | Time: 0.448
Total:   270 | Class: 7 | [0,0,270,0,0,0,0,0,0,0] | Acc: 0.00 | Acc2: 0.00 | Time: 0.470
Total:   270 | Class: 8 | [0,0,0,0,0,0,0,0,270,0] | Acc: 100.00 | Acc2: 100.00 | Time: 0.460
Total:   270 | Class: 9 | [0,0,0,0,0,0,0,0,0,270] | Acc: 100.00 | Acc2: 100.00 | Time: 0.456
Total:   270 | Class: 0 | [270,0,0,0,0,0,0,0,0,0] | Acc: 100.00 | Acc2: 100.00 | Time: 0.494
Total:   270 | Class: 1 | [0,0,270,0,0,0,0,0,0,0] | Acc: 0.00 | Acc2: 0.00 | Time: 0.398
Total:   270 | Class: 2 | [0,0,270,0,0,0,0,0,0,0] | Acc: 100.00 | Acc2: 100.00 | Time: 0.431
Total:   270 | Class: 3 | [0,0,270,0,0,0,0,0,0,0] | Acc: 0.00 | Acc2: 0.00 | Time: 0.457
Total:   270 | Class: 4 | [0,0,270,0,0,0,0,0,0,0] | Acc: 0.00 | Acc2: 0.00 | Time: 0.465
Total:   270 | Class: 5 | [0,0,0,0,0,270,0,0,0,0] | Acc: 100.00 | Acc2: 100.00 | Time: 0.466
Total:   270 | Class: 6 | [0,0,0,0,0,0,270,0,0,0] | Acc: 100.00 | Acc2: 100.00 | Time: 0.444
Total:   270 | Class: 7 | [0,0,270,0,0,0,0,0,0,0] | Acc: 0.00 | Acc2: 0.00 | Time: 0.456
Total:   270 | Class: 8 | [0,0,0,0,0,0,0,0,270,0] | Acc: 100.00 | Acc2: 100.00 | Time: 0.483
Total:   270 | Class: 9 | [0,0,0,0,0,0,0,0,0,270] | Acc: 100.00 | Acc2: 100.00 | Time: 0.461
Total:   270 | Class: 0 | [270,0,0,0,0,0,0,0,0,0] | Acc: 100.00 | Acc2: 100.00 | Time: 0.503
Total:   270 | Class: 1 | [0,0,270,0,0,0,0,0,0,0] | Acc: 0.00 | Acc2: 0.00 | Time: 0.390
Total:   270 | Class: 2 | [0,0,270,0,0,0,0,0,0,0] | Acc: 100.00 | Acc2: 100.00 | Time: 0.454
Total:   270 | Class: 3 | [0,0,270,0,0,0,0,0,0,0] | Acc: 0.00 | Acc2: 0.00 | Time: 0.463
Total:   270 | Class: 4 | [0,0,270,0,0,0,0,0,0,0] | Acc: 0.00 | Acc2: 0.00 | Time: 0.468
Total:   270 | Class: 5 | [0,0,0,0,0,270,0,0,0,0] | Acc: 100.00 | Acc2: 100.00 | Time: 0.472
Total:   270 | Class: 6 | [0,0,0,0,0,0,270,0,0,0] | Acc: 100.00 | Acc2: 100.00 | Time: 0.472
Total:   270 | Class: 7 | [0,0,270,0,0,0,0,0,0,0] | Acc: 0.00 | Acc2: 0.00 | Time: 0.454
Total:   270 | Class: 8 | [0,0,0,0,0,0,0,0,270,0] | Acc: 100.00 | Acc2: 100.00 | Time: 0.534
Total:   270 | Class: 9 | [0,0,0,0,0,0,0,0,0,270] | Acc: 100.00 | Acc2: 100.00 | Time: 0.517
Total:   270 | Class: 0 | [270,0,0,0,0,0,0,0,0,0] | Acc: 100.00 | Acc2: 100.00 | Time: 0.521
Total:   270 | Class: 1 | [0,0,270,0,0,0,0,0,0,0] | Acc: 0.00 | Acc2: 0.00 | Time: 0.409
Total:   270 | Class: 2 | [0,0,270,0,0,0,0,0,0,0] | Acc: 100.00 | Acc2: 100.00 | Time: 0.448
Total:   270 | Class: 3 | [0,0,270,0,0,0,0,0,0,0] | Acc: 0.00 | Acc2: 0.00 | Time: 0.460
Total:   270 | Class: 4 | [0,0,270,0,0,0,0,0,0,0] | Acc: 0.00 | Acc2: 0.00 | Time: 0.444
Total:   270 | Class: 5 | [0,0,0,0,0,270,0,0,0,0] | Acc: 100.00 | Acc2: 100.00 | Time: 0.483
Total:   270 | Class: 6 | [0,0,0,0,0,0,270,0,0,0] | Acc: 100.00 | Acc2: 100.00 | Time: 0.457
Total:   270 | Class: 7 | [0,0,270,0,0,0,0,0,0,0] | Acc: 0.00 | Acc2: 0.00 | Time: 0.445
Total:   270 | Class: 8 | [0,0,0,0,0,0,0,0,270,0] | Acc: 100.00 | Acc2: 100.00 | Time: 0.475
Total:   270 | Class: 9 | [0,0,0,0,0,0,0,0,0,270] | Acc: 100.00 | Acc2: 100.00 | Time: 0.468
Total:   270 | Class: 0 | [270,0,0,0,0,0,0,0,0,0] | Acc: 100.00 | Acc2: 100.00 | Time: 0.495
Total:   270 | Class: 1 | [0,0,270,0,0,0,0,0,0,0] | Acc: 0.00 | Acc2: 0.00 | Time: 0.466
Total:   270 | Class: 2 | [0,0,270,0,0,0,0,0,0,0] | Acc: 100.00 | Acc2: 100.00 | Time: 0.459
Total:   270 | Class: 3 | [0,0,270,0,0,0,0,0,0,0] | Acc: 0.00 | Acc2: 0.00 | Time: 0.439
Total:   270 | Class: 4 | [0,0,270,0,0,0,0,0,0,0] | Acc: 0.00 | Acc2: 0.00 | Time: 0.403
Total:   270 | Class: 5 | [0,0,0,0,0,270,0,0,0,0] | Acc: 100.00 | Acc2: 100.00 | Time: 0.421
Total:   270 | Class: 6 | [0,0,0,0,0,0,270,0,0,0] | Acc: 100.00 | Acc2: 100.00 | Time: 0.462
Total:   270 | Class: 7 | [0,0,270,0,0,0,0,0,0,0] | Acc: 0.00 | Acc2: 0.00 | Time: 0.472
Total:   270 | Class: 8 | [0,0,0,0,0,0,0,0,270,0] | Acc: 100.00 | Acc2: 100.00 | Time: 0.454
Total:   270 | Class: 9 | [0,0,0,0,0,0,0,0,0,270] | Acc: 100.00 | Acc2: 100.00 | Time: 0.452
Total:   270 | Class: 0 | [270,0,0,0,0,0,0,0,0,0] | Acc: 100.00 | Acc2: 100.00 | Time: 0.487
Total:   270 | Class: 1 | [0,0,270,0,0,0,0,0,0,0] | Acc: 0.00 | Acc2: 0.00 | Time: 0.424
Total:   270 | Class: 2 | [0,0,270,0,0,0,0,0,0,0] | Acc: 100.00 | Acc2: 100.00 | Time: 0.468
Total:   270 | Class: 3 | [0,0,270,0,0,0,0,0,0,0] | Acc: 0.00 | Acc2: 0.00 | Time: 0.481
Total:   270 | Class: 4 | [0,0,270,0,0,0,0,0,0,0] | Acc: 0.00 | Acc2: 0.00 | Time: 0.474
Total:   270 | Class: 5 | [0,0,0,0,0,270,0,0,0,0] | Acc: 100.00 | Acc2: 100.00 | Time: 0.433
Total:   270 | Class: 6 | [0,0,0,0,0,0,270,0,0,0] | Acc: 100.00 | Acc2: 100.00 | Time: 0.447
Total:   270 | Class: 7 | [0,0,270,0,0,0,0,0,0,0] | Acc: 0.00 | Acc2: 0.00 | Time: 0.439
Total:   270 | Class: 8 | [0,0,0,0,0,0,0,0,270,0] | Acc: 100.00 | Acc2: 100.00 | Time: 0.458
Total:   270 | Class: 9 | [0,0,0,0,0,0,0,0,0,270] | Acc: 100.00 | Acc2: 100.00 | Time: 0.477
Total:   270 | Class: 0 | [270,0,0,0,0,0,0,0,0,0] | Acc: 100.00 | Acc2: 100.00 | Time: 0.547
Total:   270 | Class: 1 | [0,0,270,0,0,0,0,0,0,0] | Acc: 0.00 | Acc2: 0.00 | Time: 0.491
Total:   270 | Class: 2 | [0,0,270,0,0,0,0,0,0,0] | Acc: 100.00 | Acc2: 100.00 | Time: 0.473
Total:   270 | Class: 3 | [0,0,270,0,0,0,0,0,0,0] | Acc: 0.00 | Acc2: 0.00 | Time: 0.463
Total:   270 | Class: 4 | [0,0,270,0,0,0,0,0,0,0] | Acc: 0.00 | Acc2: 0.00 | Time: 0.447
Total:   270 | Class: 5 | [0,0,0,0,0,270,0,0,0,0] | Acc: 100.00 | Acc2: 100.00 | Time: 0.462
Total:   270 | Class: 6 | [0,0,0,0,0,0,270,0,0,0] | Acc: 100.00 | Acc2: 100.00 | Time: 0.462
Total:   270 | Class: 7 | [0,0,270,0,0,0,0,0,0,0] | Acc: 0.00 | Acc2: 0.00 | Time: 0.482
Total:   270 | Class: 8 | [0,0,0,0,0,0,0,0,270,0] | Acc: 100.00 | Acc2: 100.00 | Time: 0.517
Total:   270 | Class: 9 | [0,0,0,0,0,0,0,0,0,270] | Acc: 100.00 | Acc2: 100.00 | Time: 0.472
Total:   270 | Class: 0 | [270,0,0,0,0,0,0,0,0,0] | Acc: 100.00 | Acc2: 100.00 | Time: 0.500
Total:   270 | Class: 1 | [0,0,270,0,0,0,0,0,0,0] | Acc: 0.00 | Acc2: 0.00 | Time: 0.436
Total:   270 | Class: 2 | [0,0,270,0,0,0,0,0,0,0] | Acc: 100.00 | Acc2: 100.00 | Time: 0.484
Total:   270 | Class: 3 | [0,0,270,0,0,0,0,0,0,0] | Acc: 0.00 | Acc2: 0.00 | Time: 0.471
Total:   270 | Class: 4 | [0,0,270,0,0,0,0,0,0,0] | Acc: 0.00 | Acc2: 0.00 | Time: 0.486
Total:   270 | Class: 5 | [0,0,0,0,0,270,0,0,0,0] | Acc: 100.00 | Acc2: 100.00 | Time: 0.481
Total:   270 | Class: 6 | [0,0,0,0,0,0,270,0,0,0] | Acc: 100.00 | Acc2: 100.00 | Time: 0.465
Total:   270 | Class: 7 | [0,0,270,0,0,0,0,0,0,0] | Acc: 0.00 | Acc2: 0.00 | Time: 0.490
Total:   270 | Class: 8 | [0,0,0,0,0,0,0,0,270,0] | Acc: 100.00 | Acc2: 100.00 | Time: 0.479
Total:   270 | Class: 9 | [0,0,0,0,0,0,0,0,0,270] | Acc: 100.00 | Acc2: 100.00 | Time: 0.504
Total:   270 | Class: 0 | [270,0,0,0,0,0,0,0,0,0] | Acc: 100.00 | Acc2: 100.00 | Time: 0.509
Total:   270 | Class: 1 | [0,0,270,0,0,0,0,0,0,0] | Acc: 0.00 | Acc2: 0.00 | Time: 0.416
Total:   270 | Class: 2 | [0,0,270,0,0,0,0,0,0,0] | Acc: 100.00 | Acc2: 100.00 | Time: 0.493
Total:   270 | Class: 3 | [0,0,270,0,0,0,0,0,0,0] | Acc: 0.00 | Acc2: 0.00 | Time: 0.476
Total:   270 | Class: 4 | [0,0,270,0,0,0,0,0,0,0] | Acc: 0.00 | Acc2: 0.00 | Time: 0.484
Total:   270 | Class: 5 | [0,0,0,0,0,270,0,0,0,0] | Acc: 100.00 | Acc2: 100.00 | Time: 0.470
Total:   270 | Class: 6 | [0,0,0,0,0,0,270,0,0,0] | Acc: 100.00 | Acc2: 100.00 | Time: 0.468
Total:   270 | Class: 7 | [0,0,270,0,0,0,0,0,0,0] | Acc: 0.00 | Acc2: 0.00 | Time: 0.483
Total:   270 | Class: 8 | [0,0,0,0,0,0,0,0,270,0] | Acc: 100.00 | Acc2: 100.00 | Time: 0.482
Total:   270 | Class: 9 | [0,0,0,0,0,0,0,0,0,270] | Acc: 100.00 | Acc2: 100.00 | Time: 0.491
Total:   270 | Class: 0 | [270,0,0,0,0,0,0,0,0,0] | Acc: 100.00 | Acc2: 100.00 | Time: 0.521
Total:   270 | Class: 1 | [0,0,270,0,0,0,0,0,0,0] | Acc: 0.00 | Acc2: 0.00 | Time: 0.405
Total:   270 | Class: 2 | [0,0,270,0,0,0,0,0,0,0] | Acc: 100.00 | Acc2: 100.00 | Time: 0.458
Total:   270 | Class: 3 | [0,0,270,0,0,0,0,0,0,0] | Acc: 0.00 | Acc2: 0.00 | Time: 0.466
Total:   270 | Class: 4 | [0,0,270,0,0,0,0,0,0,0] | Acc: 0.00 | Acc2: 0.00 | Time: 0.488
Total:   270 | Class: 5 | [0,0,0,0,0,270,0,0,0,0] | Acc: 100.00 | Acc2: 100.00 | Time: 0.477
Total:   270 | Class: 6 | [0,0,0,0,0,0,270,0,0,0] | Acc: 100.00 | Acc2: 100.00 | Time: 0.500
Total:   270 | Class: 7 | [0,0,270,0,0,0,0,0,0,0] | Acc: 0.00 | Acc2: 0.00 | Time: 0.463
Total:   270 | Class: 8 | [0,0,0,0,0,0,0,0,270,0] | Acc: 100.00 | Acc2: 100.00 | Time: 0.480
Total:   270 | Class: 9 | [0,0,0,0,0,0,0,0,0,270] | Acc: 100.00 | Acc2: 100.00 | Time: 0.490
Total:   270 | Class: 0 | [270,0,0,0,0,0,0,0,0,0] | Acc: 100.00 | Acc2: 100.00 | Time: 0.503
Total:   270 | Class: 1 | [0,0,270,0,0,0,0,0,0,0] | Acc: 0.00 | Acc2: 0.00 | Time: 0.390
Total:   270 | Class: 2 | [0,0,270,0,0,0,0,0,0,0] | Acc: 100.00 | Acc2: 100.00 | Time: 0.472
Total:   270 | Class: 3 | [0,0,270,0,0,0,0,0,0,0] | Acc: 0.00 | Acc2: 0.00 | Time: 0.472
Total:   270 | Class: 4 | [0,0,270,0,0,0,0,0,0,0] | Acc: 0.00 | Acc2: 0.00 | Time: 0.465
Total:   270 | Class: 5 | [0,0,0,0,0,270,0,0,0,0] | Acc: 100.00 | Acc2: 100.00 | Time: 0.459
Total:   270 | Class: 6 | [0,0,0,0,0,0,270,0,0,0] | Acc: 100.00 | Acc2: 100.00 | Time: 0.473
Total:   270 | Class: 7 | [0,0,270,0,0,0,0,0,0,0] | Acc: 0.00 | Acc2: 0.00 | Time: 0.434
Total:   270 | Class: 8 | [0,0,0,0,0,0,0,0,270,0] | Acc: 100.00 | Acc2: 100.00 | Time: 0.461
Total:   270 | Class: 9 | [0,0,0,0,0,0,0,0,0,270] | Acc: 100.00 | Acc2: 100.00 | Time: 0.466
Total:   270 | Class: 0 | [270,0,0,0,0,0,0,0,0,0] | Acc: 100.00 | Acc2: 100.00 | Time: 0.502
Total:   270 | Class: 1 | [0,0,270,0,0,0,0,0,0,0] | Acc: 0.00 | Acc2: 0.00 | Time: 0.413
Total:   270 | Class: 2 | [0,0,270,0,0,0,0,0,0,0] | Acc: 100.00 | Acc2: 100.00 | Time: 0.455
Total:   270 | Class: 3 | [0,0,270,0,0,0,0,0,0,0] | Acc: 0.00 | Acc2: 0.00 | Time: 0.458
Total:   270 | Class: 4 | [0,0,270,0,0,0,0,0,0,0] | Acc: 0.00 | Acc2: 0.00 | Time: 0.466
Total:   270 | Class: 5 | [0,0,0,0,0,270,0,0,0,0] | Acc: 100.00 | Acc2: 100.00 | Time: 0.469
Total:   270 | Class: 6 | [0,0,0,0,0,0,270,0,0,0] | Acc: 100.00 | Acc2: 100.00 | Time: 0.452
Total:   270 | Class: 7 | [0,0,270,0,0,0,0,0,0,0] | Acc: 0.00 | Acc2: 0.00 | Time: 0.458
Total:   270 | Class: 8 | [0,0,0,0,0,0,0,0,270,0] | Acc: 100.00 | Acc2: 100.00 | Time: 0.453
Total:   270 | Class: 9 | [0,0,0,0,0,0,0,0,0,270] | Acc: 100.00 | Acc2: 100.00 | Time: 0.481
