Total:   270 | Class: 0 | [270,0,0,0,0,0,0,0,0,0] | Acc: 100.00 | Acc2: 100.00 | Time: 0.333
Total:   270 | Class: 1 | [0,0,270,0,0,0,0,0,0,0] | Acc: 0.00 | Acc2: 0.00 | Time: 0.350
Total:   270 | Class: 2 | [0,0,0,0,270,0,0,0,0,0] | Acc: 0.00 | Acc2: 0.00 | Time: 0.404
Total:   270 | Class: 3 | [0,0,0,0,270,0,0,0,0,0] | Acc: 0.00 | Acc2: 0.00 | Time: 0.360
Total:   270 | Class: 4 | [0,0,0,0,270,0,0,0,0,0] | Acc: 100.00 | Acc2: 100.00 | Time: 0.360
Total:   270 | Class: 5 | [270,0,0,0,0,0,0,0,0,0] | Acc: 0.00 | Acc2: 0.00 | Time: 0.359
Total:   270 | Class: 6 | [270,0,0,0,0,0,0,0,0,0] | Acc: 0.00 | Acc2: 0.00 | Time: 0.338
Total:   270 | Class: 7 | [0,0,0,0,270,0,0,0,0,0] | Acc: 0.00 | Acc2: 0.00 | Time: 0.339
Total:   270 | Class: 8 | [0,0,270,0,0,0,0,0,0,0] | Acc: 0.00 | Acc2: 0.00 | Time: 0.343
Total:   270 | Class: 9 | [0,0,0,0,270,0,0,0,0,0] | Acc: 0.00 | Acc2: 0.00 | Time: 0.335
Total:   270 | Class: 0 | [270,0,0,0,0,0,0,0,0,0] | Acc: 100.00 | Acc2: 100.00 | Time: 0.340
Total:   270 | Class: 1 | [0,270,0,0,0,0,0,0,0,0] | Acc: 100.00 | Acc2: 100.00 | Time: 0.374
Total:   270 | Class: 2 | [0,0,270,0,0,0,0,0,0,0] | Acc: 100.00 | Acc2: 100.00 | Time: 0.314
Total:   270 | Class: 3 | [0,0,270,0,0,0,0,0,0,0] | Acc: 0.00 | Acc2: 0.00 | Time: 0.381
Total:   270 | Class: 4 | [0,0,270,0,0,0,0,0,0,0] | Acc: 0.00 | Acc2: 0.00 | Time: 0.355
Total:   270 | Class: 5 | [0,0,0,0,0,270,0,0,0,0] | Acc: 100.00 | Acc2: 100.00 | Time: 0.366
Total:   270 | Class: 6 | [0,0,0,0,0,0,270,0,0,0] | Acc: 100.00 | Acc2: 0.00 | Time: 0.369
Total:   270 | Class: 7 | [0,0,270,0,0,0,0,0,0,0] | Acc: 0.00 | Acc2: 0.00 | Time: 0.361
Total:   270 | Class: 8 | [0,0,0,0,0,0,0,0,270,0] | Acc: 100.00 | Acc2: 100.00 | Time: 0.334
Total:   270 | Class: 9 | [0,0,0,0,0,0,0,0,0,270] | Acc: 100.00 | Acc2: 100.00 | Time: 0.350
Total:   270 | Class: 0 | [270,0,0,0,0,0,0,0,0,0] | Acc: 100.00 | Acc2: 100.00 | Time: 0.357
Total:   270 | Class: 1 | [0,270,0,0,0,0,0,0,0,0] | Acc: 100.00 | Acc2: 100.00 | Time: 0.329
Total:   270 | Class: 2 | [0,0,0,0,270,0,0,0,0,0] | Acc: 0.00 | Acc2: 0.00 | Time: 0.382
Total:   270 | Class: 3 | [0,0,0,0,270,0,0,0,0,0] | Acc: 0.00 | Acc2: 0.00 | Time: 0.323
Total:   270 | Class: 4 | [0,0,0,0,270,0,0,0,0,0] | Acc: 100.00 | Acc2: 0.00 | Time: 0.325
Total:   270 | Class: 5 | [0,0,0,0,0,270,0,0,0,0] | Acc: 100.00 | Acc2: 100.00 | Time: 0.348
Total:   270 | Class: 6 | [0,0,0,0,0,0,270,0,0,0] | Acc: 100.00 | Acc2: 0.00 | Time: 0.347
Total:   270 | Class: 7 | [0,0,0,0,0,0,0,270,0,0] | Acc: 100.00 | Acc2: 100.00 | Time: 0.358
Total:   270 | Class: 8 | [0,0,0,0,0,0,0,0,270,0] | Acc: 100.00 | Acc2: 100.00 | Time: 0.340
Total:   270 | Class: 9 | [0,0,0,0,0,0,0,0,0,270] | Acc: 100.00 | Acc2: 100.00 | Time: 0.367
Total:   270 | Class: 0 | [270,0,0,0,0,0,0,0,0,0] | Acc: 100.00 | Acc2: 100.00 | Time: 0.339
Total:   270 | Class: 1 | [0,270,0,0,0,0,0,0,0,0] | Acc: 100.00 | Acc2: 100.00 | Time: 0.329
Total:   270 | Class: 2 | [0,0,270,0,0,0,0,0,0,0] | Acc: 100.00 | Acc2: 100.00 | Time: 0.330
Total:   270 | Class: 3 | [0,0,270,0,0,0,0,0,0,0] | Acc: 0.00 | Acc2: 0.00 | Time: 0.335
Total:   270 | Class: 4 | [0,0,270,0,0,0,0,0,0,0] | Acc: 0.00 | Acc2: 0.00 | Time: 0.367
Total:   270 | Class: 5 | [0,0,0,0,0,270,0,0,0,0] | Acc: 100.00 | Acc2: 100.00 | Time: 0.338
Total:   270 | Class: 6 | [0,0,0,0,0,0,270,0,0,0] | Acc: 100.00 | Acc2: 0.00 | Time: 0.384
Total:   270 | Class: 7 | [0,0,0,0,0,0,0,270,0,0] | Acc: 100.00 | Acc2: 100.00 | Time: 0.322
Total:   270 | Class: 8 | [0,0,0,0,0,0,0,0,270,0] | Acc: 100.00 | Acc2: 100.00 | Time: 0.330
Total:   270 | Class: 9 | [0,0,0,0,0,0,0,0,0,270] | Acc: 100.00 | Acc2: 100.00 | Time: 0.340
Total:   270 | Class: 0 | [270,0,0,0,0,0,0,0,0,0] | Acc: 100.00 | Acc2: 100.00 | Time: 0.314
Total:   270 | Class: 1 | [0,270,0,0,0,0,0,0,0,0] | Acc: 100.00 | Acc2: 100.00 | Time: 0.326
Total:   270 | Class: 2 | [0,0,270,0,0,0,0,0,0,0] | Acc: 100.00 | Acc2: 100.00 | Time: 0.304
Total:   270 | Class: 3 | [0,0,270,0,0,0,0,0,0,0] | Acc: 0.00 | Acc2: 0.00 | Time: 0.317
Total:   270 | Class: 4 | [0,0,270,0,0,0,0,0,0,0] | Acc: 0.00 | Acc2: 0.00 | Time: 0.330
Total:   270 | Class: 5 | [0,0,0,0,0,270,0,0,0,0] | Acc: 100.00 | Acc2: 100.00 | Time: 0.353
Total:   270 | Class: 6 | [0,0,0,0,0,0,270,0,0,0] | Acc: 100.00 | Acc2: 0.00 | Time: 0.327
Total:   270 | Class: 7 | [0,0,0,0,0,0,0,270,0,0] | Acc: 100.00 | Acc2: 100.00 | Time: 0.313
Total:   270 | Class: 8 | [0,0,0,0,0,0,0,0,270,0] | Acc: 100.00 | Acc2: 100.00 | Time: 0.341
Total:   270 | Class: 9 | [0,0,0,0,0,0,0,0,0,270] | Acc: 100.00 | Acc2: 100.00 | Time: 0.317
Total:   270 | Class: 0 | [270,0,0,0,0,0,0,0,0,0] | Acc: 100.00 | Acc2: 100.00 | Time: 0.326
Total:   270 | Class: 1 | [0,270,0,0,0,0,0,0,0,0] | Acc: 100.00 | Acc2: 100.00 | Time: 0.350
Total:   270 | Class: 2 | [0,0,270,0,0,0,0,0,0,0] | Acc: 100.00 | Acc2: 100.00 | Time: 0.320
Total:   270 | Class: 3 | [0,0,270,0,0,0,0,0,0,0] | Acc: 0.00 | Acc2: 0.00 | Time: 0.351
Total:   270 | Class: 4 | [0,0,270,0,0,0,0,0,0,0] | Acc: 0.00 | Acc2: 0.00 | Time: 0.341
Total:   270 | Class: 5 | [0,0,0,0,0,270,0,0,0,0] | Acc: 100.00 | Acc2: 100.00 | Time: 0.320
Total:   270 | Class: 6 | [0,0,0,0,0,0,270,0,0,0] | Acc: 100.00 | Acc2: 0.00 | Time: 0.345
Total:   270 | Class: 7 | [0,0,0,0,0,0,0,270,0,0] | Acc: 100.00 | Acc2: 100.00 | Time: 0.374
Total:   270 | Class: 8 | [0,0,0,0,0,0,0,0,270,0] | Acc: 100.00 | Acc2: 100.00 | Time: 0.328
Total:   270 | Class: 9 | [0,0,0,0,0,0,0,0,0,270] | Acc: 100.00 | Acc2: 100.00 | Time: 0.335
Total:   270 | Class: 0 | [270,0,0,0,0,0,0,0,0,0] | Acc: 100.00 | Acc2: 100.00 | Time: 0.385
Total:   270 | Class: 1 | [0,270,0,0,0,0,0,0,0,0] | Acc: 100.00 | Acc2: 100.00 | Time: 0.393
Total:   270 | Class: 2 | [0,0,270,0,0,0,0,0,0,0] | Acc: 100.00 | Acc2: 100.00 | Time: 0.394
Total:   270 | Class: 3 | [0,0,270,0,0,0,0,0,0,0] | Acc: 0.00 | Acc2: 0.00 | Time: 0.342
Total:   270 | Class: 4 | [0,0,270,0,0,0,0,0,0,0] | Acc: 0.00 | Acc2: 0.00 | Time: 0.347
Total:   270 | Class: 5 | [0,0,0,0,0,270,0,0,0,0] | Acc: 100.00 | Acc2: 100.00 | Time: 0.356
Total:   270 | Class: 6 | [0,0,0,0,0,0,270,0,0,0] | Acc: 100.00 | Acc2: 0.00 | Time: 0.364
Total:   270 | Class: 7 | [0,0,0,0,0,0,0,270,0,0] | Acc: 100.00 | Acc2: 100.00 | Time: 0.408
Total:   270 | Class: 8 | [0,0,0,0,0,0,0,0,270,0] | Acc: 100.00 | Acc2: 100.00 | Time: 0.340
Total:   270 | Class: 9 | [0,0,0,0,0,0,0,0,0,270] | Acc: 100.00 | Acc2: 100.00 | Time: 0.378
Total:   270 | Class: 0 | [270,0,0,0,0,0,0,0,0,0] | Acc: 100.00 | Acc2: 100.00 | Time: 0.383
Total:   270 | Class: 1 | [0,270,0,0,0,0,0,0,0,0] | Acc: 100.00 | Acc2: 100.00 | Time: 0.361
Total:   270 | Class: 2 | [0,0,270,0,0,0,0,0,0,0] | Acc: 100.00 | Acc2: 100.00 | Time: 0.354
Total:   270 | Class: 3 | [0,0,270,0,0,0,0,0,0,0] | Acc: 0.00 | Acc2: 0.00 | Time: 0.360
Total:   270 | Class: 4 | [0,0,270,0,0,0,0,0,0,0] | Acc: 0.00 | Acc2: 0.00 | Time: 0.334
Total:   270 | Class: 5 | [0,0,0,0,0,270,0,0,0,0] | Acc: 100.00 | Acc2: 100.00 | Time: 0.340
Total:   270 | Class: 6 | [0,0,0,0,0,0,270,0,0,0] | Acc: 100.00 | Acc2: 0.00 | Time: 0.343
Total:   270 | Class: 7 | [0,0,0,0,0,0,0,270,0,0] | Acc: 100.00 | Acc2: 100.00 | Time: 0.357
Total:   270 | Class: 8 | [0,0,0,0,0,0,0,0,270,0] | Acc: 100.00 | Acc2: 100.00 | Time: 0.389
Total:   270 | Class: 9 | [0,0,0,0,0,0,0,0,0,270] | Acc: 100.00 | Acc2: 100.00 | Time: 0.333
Total:   270 | Class: 0 | [270,0,0,0,0,0,0,0,0,0] | Acc: 100.00 | Acc2: 100.00 | Time: 0.374
Total:   270 | Class: 1 | [0,270,0,0,0,0,0,0,0,0] | Acc: 100.00 | Acc2: 100.00 | Time: 0.339
Total:   270 | Class: 2 | [0,0,270,0,0,0,0,0,0,0] | Acc: 100.00 | Acc2: 100.00 | Time: 0.371
Total:   270 | Class: 3 | [0,0,270,0,0,0,0,0,0,0] | Acc: 0.00 | Acc2: 0.00 | Time: 0.349
Total:   270 | Class: 4 | [0,0,270,0,0,0,0,0,0,0] | Acc: 0.00 | Acc2: 0.00 | Time: 0.373
Total:   270 | Class: 5 | [0,0,0,0,0,270,0,0,0,0] | Acc: 100.00 | Acc2: 100.00 | Time: 0.358
Total:   270 | Class: 6 | [0,0,0,0,0,0,270,0,0,0] | Acc: 100.00 | Acc2: 0.00 | Time: 0.347
Total:   270 | Class: 7 | [0,0,0,0,0,0,0,270,0,0] | Acc: 100.00 | Acc2: 100.00 | Time: 0.360
Total:   270 | Class: 8 | [0,0,0,0,0,0,0,0,270,0] | Acc: 100.00 | Acc2: 100.00 | Time: 0.328
Total:   270 | Class: 9 | [0,0,0,0,0,0,0,0,0,270] | Acc: 100.00 | Acc2: 100.00 | Time: 0.379
Total:   270 | Class: 0 | [270,0,0,0,0,0,0,0,0,0] | Acc: 100.00 | Acc2: 100.00 | Time: 0.422
Total:   270 | Class: 1 | [0,270,0,0,0,0,0,0,0,0] | Acc: 100.00 | Acc2: 100.00 | Time: 0.352
Total:   270 | Class: 2 | [0,0,270,0,0,0,0,0,0,0] | Acc: 100.00 | Acc2: 100.00 | Time: 0.363
Total:   270 | Class: 3 | [0,0,270,0,0,0,0,0,0,0] | Acc: 0.00 | Acc2: 0.00 | Time: 0.356
Total:   270 | Class: 4 | [0,0,270,0,0,0,0,0,0,0] | Acc: 0.00 | Acc2: 0.00 | Time: 0.333
Total:   270 | Class: 5 | [0,0,0,0,0,270,0,0,0,0] | Acc: 100.00 | Acc2: 100.00 | Time: 0.373
Total:   270 | Class: 6 | [0,0,0,0,0,0,270,0,0,0] | Acc: 100.00 | Acc2: 0.00 | Time: 0.359
Total:   270 | Class: 7 | [0,0,0,0,0,0,0,270,0,0] | Acc: 100.00 | Acc2: 100.00 | Time: 0.370
Total:   270 | Class: 8 | [0,0,0,0,0,0,0,0,270,0] | Acc: 100.00 | Acc2: 100.00 | Time: 0.352
Total:   270 | Class: 9 | [0,0,0,0,0,0,0,0,0,270] | Acc: 100.00 | Acc2: 100.00 | Time: 0.385
Total:   270 | Class: 0 | [270,0,0,0,0,0,0,0,0,0] | Acc: 100.00 | Acc2: 100.00 | Time: 0.353
Total:   270 | Class: 1 | [0,270,0,0,0,0,0,0,0,0] | Acc: 100.00 | Acc2: 100.00 | Time: 0.344
Total:   270 | Class: 2 | [0,0,270,0,0,0,0,0,0,0] | Acc: 100.00 | Acc2: 100.00 | Time: 0.362
Total:   270 | Class: 3 | [0,0,270,0,0,0,0,0,0,0] | Acc: 0.00 | Acc2: 0.00 | Time: 0.338
Total:   270 | Class: 4 | [0,0,270,0,0,0,0,0,0,0] | Acc: 0.00 | Acc2: 0.00 | Time: 0.376
Total:   270 | Class: 5 | [0,0,0,0,0,270,0,0,0,0] | Acc: 100.00 | Acc2: 100.00 | Time: 0.360
Total:   270 | Class: 6 | [0,0,0,0,0,0,270,0,0,0] | Acc: 100.00 | Acc2: 0.00 | Time: 0.378
Total:   270 | Class: 7 | [0,0,0,0,0,0,0,270,0,0] | Acc: 100.00 | Acc2: 100.00 | Time: 0.340
Total:   270 | Class: 8 | [0,0,0,0,0,0,0,0,270,0] | Acc: 100.00 | Acc2: 100.00 | Time: 0.364
Total:   270 | Class: 9 | [0,0,0,0,0,0,0,0,0,270] | Acc: 100.00 | Acc2: 100.00 | Time: 0.331
Total:   270 | Class: 0 | [270,0,0,0,0,0,0,0,0,0] | Acc: 100.00 | Acc2: 100.00 | Time: 0.325
Total:   270 | Class: 1 | [0,270,0,0,0,0,0,0,0,0] | Acc: 100.00 | Acc2: 100.00 | Time: 0.368
Total:   270 | Class: 2 | [0,0,270,0,0,0,0,0,0,0] | Acc: 100.00 | Acc2: 100.00 | Time: 0.358
Total:   270 | Class: 3 | [0,0,270,0,0,0,0,0,0,0] | Acc: 0.00 | Acc2: 0.00 | Time: 0.342
Total:   270 | Class: 4 | [0,0,270,0,0,0,0,0,0,0] | Acc: 0.00 | Acc2: 0.00 | Time: 0.343
Total:   270 | Class: 5 | [0,0,0,0,0,270,0,0,0,0] | Acc: 100.00 | Acc2: 100.00 | Time: 0.369
Total:   270 | Class: 6 | [0,0,0,0,0,0,270,0,0,0] | Acc: 100.00 | Acc2: 0.00 | Time: 0.342
Total:   270 | Class: 7 | [0,0,0,0,0,0,0,270,0,0] | Acc: 100.00 | Acc2: 100.00 | Time: 0.351
Total:   270 | Class: 8 | [0,0,0,0,0,0,0,0,270,0] | Acc: 100.00 | Acc2: 100.00 | Time: 0.355
Total:   270 | Class: 9 | [0,0,0,0,0,0,0,0,0,270] | Acc: 100.00 | Acc2: 100.00 | Time: 0.314
Total:   270 | Class: 0 | [270,0,0,0,0,0,0,0,0,0] | Acc: 100.00 | Acc2: 100.00 | Time: 0.409
Total:   270 | Class: 1 | [0,270,0,0,0,0,0,0,0,0] | Acc: 100.00 | Acc2: 100.00 | Time: 0.392
Total:   270 | Class: 2 | [0,0,270,0,0,0,0,0,0,0] | Acc: 100.00 | Acc2: 100.00 | Time: 0.376
Total:   270 | Class: 3 | [0,0,270,0,0,0,0,0,0,0] | Acc: 0.00 | Acc2: 0.00 | Time: 0.393
Total:   270 | Class: 4 | [0,0,270,0,0,0,0,0,0,0] | Acc: 0.00 | Acc2: 0.00 | Time: 0.363
Total:   270 | Class: 5 | [0,0,0,0,0,270,0,0,0,0] | Acc: 100.00 | Acc2: 100.00 | Time: 0.388
Total:   270 | Class: 6 | [0,0,0,0,0,0,270,0,0,0] | Acc: 100.00 | Acc2: 0.00 | Time: 0.362
Total:   270 | Class: 7 | [0,0,0,0,0,0,0,270,0,0] | Acc: 100.00 | Acc2: 100.00 | Time: 0.351
Total:   270 | Class: 8 | [0,0,0,0,0,0,0,0,270,0] | Acc: 100.00 | Acc2: 100.00 | Time: 0.401
Total:   270 | Class: 9 | [0,0,0,0,0,0,0,0,0,270] | Acc: 100.00 | Acc2: 100.00 | Time: 0.399
Total:   270 | Class: 0 | [270,0,0,0,0,0,0,0,0,0] | Acc: 100.00 | Acc2: 100.00 | Time: 0.367
Total:   270 | Class: 1 | [0,270,0,0,0,0,0,0,0,0] | Acc: 100.00 | Acc2: 100.00 | Time: 0.379
Total:   270 | Class: 2 | [0,0,270,0,0,0,0,0,0,0] | Acc: 100.00 | Acc2: 100.00 | Time: 0.419
Total:   270 | Class: 3 | [0,0,270,0,0,0,0,0,0,0] | Acc: 0.00 | Acc2: 0.00 | Time: 0.389
Total:   270 | Class: 4 | [0,0,270,0,0,0,0,0,0,0] | Acc: 0.00 | Acc2: 0.00 | Time: 0.328
Total:   270 | Class: 5 | [0,0,0,0,0,270,0,0,0,0] | Acc: 100.00 | Acc2: 100.00 | Time: 0.337
Total:   270 | Class: 6 | [0,0,0,0,0,0,270,0,0,0] | Acc: 100.00 | Acc2: 0.00 | Time: 0.331
Total:   270 | Class: 7 | [0,0,0,0,0,0,0,270,0,0] | Acc: 100.00 | Acc2: 100.00 | Time: 0.345
Total:   270 | Class: 8 | [0,0,0,0,0,0,0,0,270,0] | Acc: 100.00 | Acc2: 100.00 | Time: 0.366
Total:   270 | Class: 9 | [0,0,0,0,0,0,0,0,0,270] | Acc: 100.00 | Acc2: 100.00 | Time: 0.355
Total:   270 | Class: 0 | [270,0,0,0,0,0,0,0,0,0] | Acc: 100.00 | Acc2: 100.00 | Time: 0.331
Total:   270 | Class: 1 | [0,270,0,0,0,0,0,0,0,0] | Acc: 100.00 | Acc2: 100.00 | Time: 0.347
Total:   270 | Class: 2 | [0,0,270,0,0,0,0,0,0,0] | Acc: 100.00 | Acc2: 100.00 | Time: 0.334
Total:   270 | Class: 3 | [0,0,270,0,0,0,0,0,0,0] | Acc: 0.00 | Acc2: 0.00 | Time: 0.318
Total:   270 | Class: 4 | [0,0,270,0,0,0,0,0,0,0] | Acc: 0.00 | Acc2: 0.00 | Time: 0.331
Total:   270 | Class: 5 | [0,0,0,0,0,270,0,0,0,0] | Acc: 100.00 | Acc2: 100.00 | Time: 0.383
Total:   270 | Class: 6 | [0,0,0,0,0,0,270,0,0,0] | Acc: 100.00 | Acc2: 0.00 | Time: 0.300
Total:   270 | Class: 7 | [0,0,0,0,0,0,0,270,0,0] | Acc: 100.00 | Acc2: 100.00 | Time: 0.331
Total:   270 | Class: 8 | [0,0,0,0,0,0,0,0,270,0] | Acc: 100.00 | Acc2: 100.00 | Time: 0.304
Total:   270 | Class: 9 | [0,0,0,0,0,0,0,0,0,270] | Acc: 100.00 | Acc2: 100.00 | Time: 0.350
Total:   270 | Class: 0 | [270,0,0,0,0,0,0,0,0,0] | Acc: 100.00 | Acc2: 100.00 | Time: 0.321
Total:   270 | Class: 1 | [0,270,0,0,0,0,0,0,0,0] | Acc: 100.00 | Acc2: 100.00 | Time: 0.316
Total:   270 | Class: 2 | [0,0,270,0,0,0,0,0,0,0] | Acc: 100.00 | Acc2: 100.00 | Time: 0.363
Total:   270 | Class: 3 | [0,0,270,0,0,0,0,0,0,0] | Acc: 0.00 | Acc2: 0.00 | Time: 0.335
Total:   270 | Class: 4 | [0,0,270,0,0,0,0,0,0,0] | Acc: 0.00 | Acc2: 0.00 | Time: 0.398
Total:   270 | Class: 5 | [0,0,0,0,0,270,0,0,0,0] | Acc: 100.00 | Acc2: 100.00 | Time: 0.362
Total:   270 | Class: 6 | [0,0,0,0,0,0,270,0,0,0] | Acc: 100.00 | Acc2: 0.00 | Time: 0.383
Total:   270 | Class: 7 | [0,0,0,0,0,0,0,270,0,0] | Acc: 100.00 | Acc2: 100.00 | Time: 0.309
Total:   270 | Class: 8 | [0,0,0,0,0,0,0,0,270,0] | Acc: 100.00 | Acc2: 100.00 | Time: 0.376
Total:   270 | Class: 9 | [0,0,0,0,0,0,0,0,0,270] | Acc: 100.00 | Acc2: 100.00 | Time: 0.351
Total:   270 | Class: 0 | [270,0,0,0,0,0,0,0,0,0] | Acc: 100.00 | Acc2: 100.00 | Time: 0.335
Total:   270 | Class: 1 | [0,270,0,0,0,0,0,0,0,0] | Acc: 100.00 | Acc2: 100.00 | Time: 0.357
Total:   270 | Class: 2 | [0,0,270,0,0,0,0,0,0,0] | Acc: 100.00 | Acc2: 100.00 | Time: 0.315
Total:   270 | Class: 3 | [0,0,270,0,0,0,0,0,0,0] | Acc: 0.00 | Acc2: 0.00 | Time: 0.321
Total:   270 | Class: 4 | [0,0,270,0,0,0,0,0,0,0] | Acc: 0.00 | Acc2: 0.00 | Time: 0.350
Total:   270 | Class: 5 | [0,0,0,0,0,270,0,0,0,0] | Acc: 100.00 | Acc2: 100.00 | Time: 0.367
Total:   270 | Class: 6 | [0,0,0,0,0,0,270,0,0,0] | Acc: 100.00 | Acc2: 0.00 | Time: 0.338
Total:   270 | Class: 7 | [0,0,0,0,0,0,0,270,0,0] | Acc: 100.00 | Acc2: 100.00 | Time: 0.383
Total:   270 | Class: 8 | [0,0,0,0,0,0,0,0,270,0] | Acc: 100.00 | Acc2: 100.00 | Time: 0.325
Total:   270 | Class: 9 | [0,0,0,0,0,0,0,0,0,270] | Acc: 100.00 | Acc2: 100.00 | Time: 0.326
Total:   270 | Class: 0 | [270,0,0,0,0,0,0,0,0,0] | Acc: 100.00 | Acc2: 100.00 | Time: 0.350
Total:   270 | Class: 1 | [0,270,0,0,0,0,0,0,0,0] | Acc: 100.00 | Acc2: 100.00 | Time: 0.351
Total:   270 | Class: 2 | [0,0,270,0,0,0,0,0,0,0] | Acc: 100.00 | Acc2: 100.00 | Time: 0.340
Total:   270 | Class: 3 | [0,0,270,0,0,0,0,0,0,0] | Acc: 0.00 | Acc2: 0.00 | Time: 0.329
Total:   270 | Class: 4 | [0,0,270,0,0,0,0,0,0,0] | Acc: 0.00 | Acc2: 0.00 | Time: 0.351
Total:   270 | Class: 5 | [0,0,0,0,0,270,0,0,0,0] | Acc: 100.00 | Acc2: 100.00 | Time: 0.337
Total:   270 | Class: 6 | [0,0,0,0,0,0,270,0,0,0] | Acc: 100.00 | Acc2: 100.00 | Time: 0.335
Total:   270 | Class: 7 | [0,0,0,0,0,0,0,270,0,0] | Acc: 100.00 | Acc2: 100.00 | Time: 0.338
Total:   270 | Class: 8 | [0,0,0,0,0,0,0,0,270,0] | Acc: 100.00 | Acc2: 100.00 | Time: 0.312
Total:   270 | Class: 9 | [0,0,0,0,0,0,0,0,0,270] | Acc: 100.00 | Acc2: 100.00 | Time: 0.405
Total:   270 | Class: 0 | [270,0,0,0,0,0,0,0,0,0] | Acc: 100.00 | Acc2: 100.00 | Time: 0.397
Total:   270 | Class: 1 | [0,270,0,0,0,0,0,0,0,0] | Acc: 100.00 | Acc2: 100.00 | Time: 0.395
Total:   270 | Class: 2 | [0,0,270,0,0,0,0,0,0,0] | Acc: 100.00 | Acc2: 100.00 | Time: 0.341
Total:   270 | Class: 3 | [0,0,270,0,0,0,0,0,0,0] | Acc: 0.00 | Acc2: 0.00 | Time: 0.393
Total:   270 | Class: 4 | [0,0,270,0,0,0,0,0,0,0] | Acc: 0.00 | Acc2: 0.00 | Time: 0.345
Total:   270 | Class: 5 | [0,0,0,0,0,270,0,0,0,0] | Acc: 100.00 | Acc2: 100.00 | Time: 0.364
Total:   270 | Class: 6 | [0,0,0,0,0,0,270,0,0,0] | Acc: 100.00 | Acc2: 100.00 | Time: 0.360
Total:   270 | Class: 7 | [0,0,0,0,0,0,0,270,0,0] | Acc: 100.00 | Acc2: 100.00 | Time: 0.349
Total:   270 | Class: 8 | [0,0,0,0,0,0,0,0,270,0] | Acc: 100.00 | Acc2: 100.00 | Time: 0.336
Total:   270 | Class: 9 | [0,0,0,0,0,0,0,0,0,270] | Acc: 100.00 | Acc2: 100.00 | Time: 0.347
Total:   270 | Class: 0 | [270,0,0,0,0,0,0,0,0,0] | Acc: 100.00 | Acc2: 100.00 | Time: 0.377
Total:   270 | Class: 1 | [0,270,0,0,0,0,0,0,0,0] | Acc: 100.00 | Acc2: 100.00 | Time: 0.343
Total:   270 | Class: 2 | [0,0,270,0,0,0,0,0,0,0] | Acc: 100.00 | Acc2: 100.00 | Time: 0.334
Total:   270 | Class: 3 | [0,0,270,0,0,0,0,0,0,0] | Acc: 0.00 | Acc2: 0.00 | Time: 0.319
Total:   270 | Class: 4 | [0,0,270,0,0,0,0,0,0,0] | Acc: 0.00 | Acc2: 0.00 | Time: 0.387
Total:   270 | Class: 5 | [0,0,0,0,0,270,0,0,0,0] | Acc: 100.00 | Acc2: 100.00 | Time: 0.389
Total:   270 | Class: 6 | [0,0,0,0,0,0,270,0,0,0] | Acc: 100.00 | Acc2: 100.00 | Time: 0.341
Total:   270 | Class: 7 | [0,0,0,0,0,0,0,270,0,0] | Acc: 100.00 | Acc2: 100.00 | Time: 0.313
Total:   270 | Class: 8 | [0,0,0,0,0,0,0,0,270,0] | Acc: 100.00 | Acc2: 100.00 | Time: 0.332
Total:   270 | Class: 9 | [0,0,0,0,0,0,0,0,0,270] | Acc: 100.00 | Acc2: 100.00 | Time: 0.382
Total:   270 | Class: 0 | [270,0,0,0,0,0,0,0,0,0] | Acc: 100.00 | Acc2: 100.00 | Time: 0.381
Total:   270 | Class: 1 | [0,270,0,0,0,0,0,0,0,0] | Acc: 100.00 | Acc2: 100.00 | Time: 0.349
Total:   270 | Class: 2 | [0,0,270,0,0,0,0,0,0,0] | Acc: 100.00 | Acc2: 100.00 | Time: 0.362
Total:   270 | Class: 3 | [0,0,270,0,0,0,0,0,0,0] | Acc: 0.00 | Acc2: 0.00 | Time: 0.324
Total:   270 | Class: 4 | [0,0,270,0,0,0,0,0,0,0] | Acc: 0.00 | Acc2: 0.00 | Time: 0.401
Total:   270 | Class: 5 | [0,0,0,0,0,270,0,0,0,0] | Acc: 100.00 | Acc2: 100.00 | Time: 0.337
Total:   270 | Class: 6 | [0,0,0,0,0,0,270,0,0,0] | Acc: 100.00 | Acc2: 100.00 | Time: 0.351
Total:   270 | Class: 7 | [0,0,0,0,0,0,0,270,0,0] | Acc: 100.00 | Acc2: 100.00 | Time: 0.331
Total:   270 | Class: 8 | [0,0,0,0,0,0,0,0,270,0] | Acc: 100.00 | Acc2: 100.00 | Time: 0.333
Total:   270 | Class: 9 | [0,0,0,0,0,0,0,0,0,270] | Acc: 100.00 | Acc2: 100.00 | Time: 0.326
Total:   270 | Class: 0 | [0,0,0,270,0,0,0,0,0,0] | Acc: 0.00 | Acc2: 0.00 | Time: 0.390
Total:   270 | Class: 1 | [0,0,0,0,0,0,0,0,270,0] | Acc: 0.00 | Acc2: 0.00 | Time: 0.351
Total:   270 | Class: 2 | [0,0,0,0,0,0,0,0,270,0] | Acc: 0.00 | Acc2: 0.00 | Time: 0.362
Total:   270 | Class: 3 | [0,0,0,0,0,0,0,0,270,0] | Acc: 0.00 | Acc2: 0.00 | Time: 0.338
Total:   270 | Class: 4 | [0,0,0,0,0,0,0,0,270,0] | Acc: 0.00 | Acc2: 0.00 | Time: 0.399
Total:   270 | Class: 5 | [0,0,0,270,0,0,0,0,0,0] | Acc: 0.00 | Acc2: 0.00 | Time: 0.331
Total:   270 | Class: 6 | [270,0,0,0,0,0,0,0,0,0] | Acc: 0.00 | Acc2: 0.00 | Time: 0.369
Total:   270 | Class: 7 | [0,0,0,270,0,0,0,0,0,0] | Acc: 0.00 | Acc2: 0.00 | Time: 0.330
Total:   270 | Class: 8 | [0,0,0,0,0,0,0,0,270,0] | Acc: 100.00 | Acc2: 0.00 | Time: 0.319
Total:   270 | Class: 9 | [0,0,0,270,0,0,0,0,0,0] | Acc: 0.00 | Acc2: 0.00 | Time: 0.347
Total:   270 | Class: 0 | [270,0,0,0,0,0,0,0,0,0] | Acc: 100.00 | Acc2: 100.00 | Time: 0.368
Total:   270 | Class: 1 | [0,270,0,0,0,0,0,0,0,0] | Acc: 100.00 | Acc2: 100.00 | Time: 0.383
Total:   270 | Class: 2 | [0,0,270,0,0,0,0,0,0,0] | Acc: 100.00 | Acc2: 100.00 | Time: 0.562
Total:   270 | Class: 3 | [0,0,270,0,0,0,0,0,0,0] | Acc: 0.00 | Acc2: 0.00 | Time: 0.353
Total:   270 | Class: 4 | [0,0,270,0,0,0,0,0,0,0] | Acc: 0.00 | Acc2: 0.00 | Time: 0.366
Total:   270 | Class: 5 | [0,0,0,0,0,270,0,0,0,0] | Acc: 100.00 | Acc2: 100.00 | Time: 0.396
Total:   270 | Class: 6 | [0,0,0,0,0,0,270,0,0,0] | Acc: 100.00 | Acc2: 0.00 | Time: 0.482
Total:   270 | Class: 7 | [0,0,0,0,0,0,0,270,0,0] | Acc: 100.00 | Acc2: 100.00 | Time: 0.371
Total:   270 | Class: 8 | [0,0,0,0,0,0,0,0,270,0] | Acc: 100.00 | Acc2: 100.00 | Time: 0.439
Total:   270 | Class: 9 | [0,0,0,0,0,0,0,0,0,270] | Acc: 100.00 | Acc2: 100.00 | Time: 0.389
Total:   270 | Class: 0 | [270,0,0,0,0,0,0,0,0,0] | Acc: 100.00 | Acc2: 100.00 | Time: 0.369
Total:   270 | Class: 1 | [0,270,0,0,0,0,0,0,0,0] | Acc: 100.00 | Acc2: 100.00 | Time: 0.374
Total:   270 | Class: 2 | [0,0,270,0,0,0,0,0,0,0] | Acc: 100.00 | Acc2: 100.00 | Time: 0.420
Total:   270 | Class: 3 | [0,0,270,0,0,0,0,0,0,0] | Acc: 0.00 | Acc2: 0.00 | Time: 0.385
Total:   270 | Class: 4 | [0,0,270,0,0,0,0,0,0,0] | Acc: 0.00 | Acc2: 0.00 | Time: 0.409
Total:   270 | Class: 5 | [0,0,0,0,0,270,0,0,0,0] | Acc: 100.00 | Acc2: 100.00 | Time: 0.366
Total:   270 | Class: 6 | [0,0,0,0,0,0,270,0,0,0] | Acc: 100.00 | Acc2: 0.00 | Time: 0.400
Total:   270 | Class: 7 | [0,0,0,0,0,0,0,270,0,0] | Acc: 100.00 | Acc2: 100.00 | Time: 0.378
Total:   270 | Class: 8 | [0,0,0,0,0,0,0,0,270,0] | Acc: 100.00 | Acc2: 100.00 | Time: 0.400
Total:   270 | Class: 9 | [0,0,0,0,0,0,0,0,0,270] | Acc: 100.00 | Acc2: 100.00 | Time: 0.357
Total:   270 | Class: 0 | [270,0,0,0,0,0,0,0,0,0] | Acc: 100.00 | Acc2: 100.00 | Time: 0.415
Total:   270 | Class: 1 | [0,270,0,0,0,0,0,0,0,0] | Acc: 100.00 | Acc2: 100.00 | Time: 0.406
Total:   270 | Class: 2 | [0,0,270,0,0,0,0,0,0,0] | Acc: 100.00 | Acc2: 100.00 | Time: 0.366
Total:   270 | Class: 3 | [0,0,270,0,0,0,0,0,0,0] | Acc: 0.00 | Acc2: 0.00 | Time: 0.347
Total:   270 | Class: 4 | [0,0,270,0,0,0,0,0,0,0] | Acc: 0.00 | Acc2: 0.00 | Time: 0.413
Total:   270 | Class: 5 | [0,0,0,0,0,270,0,0,0,0] | Acc: 100.00 | Acc2: 100.00 | Time: 0.394
Total:   270 | Class: 6 | [0,0,0,0,0,0,270,0,0,0] | Acc: 100.00 | Acc2: 0.00 | Time: 0.376
Total:   270 | Class: 7 | [0,0,0,0,0,0,0,270,0,0] | Acc: 100.00 | Acc2: 100.00 | Time: 0.380
Total:   270 | Class: 8 | [0,0,0,0,0,0,0,0,270,0] | Acc: 100.00 | Acc2: 100.00 | Time: 0.391
Total:   270 | Class: 9 | [0,0,0,0,0,0,0,0,0,270] | Acc: 100.00 | Acc2: 100.00 | Time: 0.433
Total:   270 | Class: 0 | [270,0,0,0,0,0,0,0,0,0] | Acc: 100.00 | Acc2: 100.00 | Time: 0.404
Total:   270 | Class: 1 | [0,270,0,0,0,0,0,0,0,0] | Acc: 100.00 | Acc2: 100.00 | Time: 0.394
Total:   270 | Class: 2 | [0,0,270,0,0,0,0,0,0,0] | Acc: 100.00 | Acc2: 100.00 | Time: 0.358
Total:   270 | Class: 3 | [0,0,270,0,0,0,0,0,0,0] | Acc: 0.00 | Acc2: 0.00 | Time: 0.410
Total:   270 | Class: 4 | [0,0,270,0,0,0,0,0,0,0] | Acc: 0.00 | Acc2: 0.00 | Time: 0.397
Total:   270 | Class: 5 | [0,0,0,0,0,270,0,0,0,0] | Acc: 100.00 | Acc2: 100.00 | Time: 0.390
Total:   270 | Class: 6 | [0,0,0,0,0,0,270,0,0,0] | Acc: 100.00 | Acc2: 0.00 | Time: 0.409
Total:   270 | Class: 7 | [0,0,0,0,0,0,0,270,0,0] | Acc: 100.00 | Acc2: 100.00 | Time: 0.389
Total:   270 | Class: 8 | [0,0,0,0,0,0,0,0,270,0] | Acc: 100.00 | Acc2: 100.00 | Time: 0.404
Total:   270 | Class: 9 | [0,0,0,0,0,0,0,0,0,270] | Acc: 100.00 | Acc2: 100.00 | Time: 0.417
Total:   270 | Class: 0 | [270,0,0,0,0,0,0,0,0,0] | Acc: 100.00 | Acc2: 100.00 | Time: 0.368
Total:   270 | Class: 1 | [0,270,0,0,0,0,0,0,0,0] | Acc: 100.00 | Acc2: 100.00 | Time: 0.381
Total:   270 | Class: 2 | [0,0,270,0,0,0,0,0,0,0] | Acc: 100.00 | Acc2: 100.00 | Time: 0.336
Total:   270 | Class: 3 | [0,0,270,0,0,0,0,0,0,0] | Acc: 0.00 | Acc2: 0.00 | Time: 0.376
Total:   270 | Class: 4 | [0,0,270,0,0,0,0,0,0,0] | Acc: 0.00 | Acc2: 0.00 | Time: 0.381
Total:   270 | Class: 5 | [0,0,0,0,0,270,0,0,0,0] | Acc: 100.00 | Acc2: 100.00 | Time: 0.388
Total:   270 | Class: 6 | [0,0,0,0,0,0,270,0,0,0] | Acc: 100.00 | Acc2: 0.00 | Time: 0.363
Total:   270 | Class: 7 | [0,0,0,0,0,0,0,270,0,0] | Acc: 100.00 | Acc2: 100.00 | Time: 0.370
Total:   270 | Class: 8 | [0,0,0,0,0,0,0,0,270,0] | Acc: 100.00 | Acc2: 100.00 | Time: 0.367
Total:   270 | Class: 9 | [0,0,0,0,0,0,0,0,0,270] | Acc: 100.00 | Acc2: 100.00 | Time: 0.347
Total:   270 | Class: 0 | [270,0,0,0,0,0,0,0,0,0] | Acc: 100.00 | Acc2: 100.00 | Time: 0.359
Total:   270 | Class: 1 | [0,270,0,0,0,0,0,0,0,0] | Acc: 100.00 | Acc2: 100.00 | Time: 0.413
Total:   270 | Class: 2 | [0,0,270,0,0,0,0,0,0,0] | Acc: 100.00 | Acc2: 100.00 | Time: 0.344
Total:   270 | Class: 3 | [0,0,270,0,0,0,0,0,0,0] | Acc: 0.00 | Acc2: 0.00 | Time: 0.361
Total:   270 | Class: 4 | [0,0,270,0,0,0,0,0,0,0] | Acc: 0.00 | Acc2: 0.00 | Time: 0.348
Total:   270 | Class: 5 | [0,0,0,0,0,270,0,0,0,0] | Acc: 100.00 | Acc2: 100.00 | Time: 0.367
Total:   270 | Class: 6 | [0,0,0,0,0,0,270,0,0,0] | Acc: 100.00 | Acc2: 0.00 | Time: 0.364
Total:   270 | Class: 7 | [0,0,0,0,0,0,0,270,0,0] | Acc: 100.00 | Acc2: 100.00 | Time: 0.383
Total:   270 | Class: 8 | [0,0,0,0,0,0,0,0,270,0] | Acc: 100.00 | Acc2: 100.00 | Time: 0.385
Total:   270 | Class: 9 | [0,0,0,0,0,0,0,0,0,270] | Acc: 100.00 | Acc2: 100.00 | Time: 0.386
Total:   270 | Class: 0 | [270,0,0,0,0,0,0,0,0,0] | Acc: 100.00 | Acc2: 100.00 | Time: 0.361
Total:   270 | Class: 1 | [0,270,0,0,0,0,0,0,0,0] | Acc: 100.00 | Acc2: 100.00 | Time: 0.411
Total:   270 | Class: 2 | [0,0,270,0,0,0,0,0,0,0] | Acc: 100.00 | Acc2: 100.00 | Time: 0.359
Total:   270 | Class: 3 | [0,0,270,0,0,0,0,0,0,0] | Acc: 0.00 | Acc2: 0.00 | Time: 0.365
Total:   270 | Class: 4 | [0,0,270,0,0,0,0,0,0,0] | Acc: 0.00 | Acc2: 0.00 | Time: 0.379
Total:   270 | Class: 5 | [0,0,0,0,0,270,0,0,0,0] | Acc: 100.00 | Acc2: 100.00 | Time: 0.380
Total:   270 | Class: 6 | [0,0,0,0,0,0,270,0,0,0] | Acc: 100.00 | Acc2: 0.00 | Time: 0.390
Total:   270 | Class: 7 | [0,0,0,0,0,0,0,270,0,0] | Acc: 100.00 | Acc2: 100.00 | Time: 0.406
Total:   270 | Class: 8 | [0,0,0,0,0,0,0,0,270,0] | Acc: 100.00 | Acc2: 100.00 | Time: 0.397
Total:   270 | Class: 9 | [0,0,0,0,0,0,0,0,0,270] | Acc: 100.00 | Acc2: 100.00 | Time: 0.385
Total:   270 | Class: 0 | [270,0,0,0,0,0,0,0,0,0] | Acc: 100.00 | Acc2: 100.00 | Time: 0.374
Total:   270 | Class: 1 | [0,270,0,0,0,0,0,0,0,0] | Acc: 100.00 | Acc2: 100.00 | Time: 0.389
Total:   270 | Class: 2 | [0,0,270,0,0,0,0,0,0,0] | Acc: 100.00 | Acc2: 100.00 | Time: 0.327
Total:   270 | Class: 3 | [0,0,270,0,0,0,0,0,0,0] | Acc: 0.00 | Acc2: 0.00 | Time: 0.393
Total:   270 | Class: 4 | [0,0,270,0,0,0,0,0,0,0] | Acc: 0.00 | Acc2: 0.00 | Time: 0.345
Total:   270 | Class: 5 | [0,0,0,0,0,270,0,0,0,0] | Acc: 100.00 | Acc2: 100.00 | Time: 0.375
Total:   270 | Class: 6 | [0,0,0,0,0,0,270,0,0,0] | Acc: 100.00 | Acc2: 100.00 | Time: 0.356
Total:   270 | Class: 7 | [0,0,0,0,0,0,0,270,0,0] | Acc: 100.00 | Acc2: 100.00 | Time: 0.366
Total:   270 | Class: 8 | [0,0,0,0,0,0,0,0,270,0] | Acc: 100.00 | Acc2: 100.00 | Time: 0.367
Total:   270 | Class: 9 | [0,0,0,0,0,0,0,0,0,270] | Acc: 100.00 | Acc2: 100.00 | Time: 0.345
Total:   270 | Class: 0 | [270,0,0,0,0,0,0,0,0,0] | Acc: 100.00 | Acc2: 100.00 | Time: 0.424
Total:   270 | Class: 1 | [0,270,0,0,0,0,0,0,0,0] | Acc: 100.00 | Acc2: 100.00 | Time: 0.441
Total:   270 | Class: 2 | [0,0,270,0,0,0,0,0,0,0] | Acc: 100.00 | Acc2: 100.00 | Time: 0.403
Total:   270 | Class: 3 | [0,0,270,0,0,0,0,0,0,0] | Acc: 0.00 | Acc2: 0.00 | Time: 0.393
Total:   270 | Class: 4 | [0,0,270,0,0,0,0,0,0,0] | Acc: 0.00 | Acc2: 0.00 | Time: 0.402
Total:   270 | Class: 5 | [0,0,0,0,0,270,0,0,0,0] | Acc: 100.00 | Acc2: 100.00 | Time: 0.392
Total:   270 | Class: 6 | [0,0,0,0,0,0,270,0,0,0] | Acc: 100.00 | Acc2: 100.00 | Time: 0.412
Total:   270 | Class: 7 | [0,0,0,0,0,0,0,270,0,0] | Acc: 100.00 | Acc2: 100.00 | Time: 0.411
Total:   270 | Class: 8 | [0,0,0,0,0,0,0,0,270,0] | Acc: 100.00 | Acc2: 100.00 | Time: 0.374
Total:   270 | Class: 9 | [0,0,0,0,0,0,0,0,0,270] | Acc: 100.00 | Acc2: 100.00 | Time: 0.388
Total:   270 | Class: 0 | [270,0,0,0,0,0,0,0,0,0] | Acc: 100.00 | Acc2: 100.00 | Time: 0.363
Total:   270 | Class: 1 | [0,270,0,0,0,0,0,0,0,0] | Acc: 100.00 | Acc2: 100.00 | Time: 0.386
Total:   270 | Class: 2 | [0,0,270,0,0,0,0,0,0,0] | Acc: 100.00 | Acc2: 100.00 | Time: 0.308
Total:   270 | Class: 3 | [0,0,270,0,0,0,0,0,0,0] | Acc: 0.00 | Acc2: 0.00 | Time: 0.375
Total:   270 | Class: 4 | [0,0,270,0,0,0,0,0,0,0] | Acc: 0.00 | Acc2: 0.00 | Time: 0.346
Total:   270 | Class: 5 | [0,0,0,0,0,270,0,0,0,0] | Acc: 100.00 | Acc2: 100.00 | Time: 0.335
Total:   270 | Class: 6 | [0,0,0,0,0,0,270,0,0,0] | Acc: 100.00 | Acc2: 100.00 | Time: 0.370
Total:   270 | Class: 7 | [0,0,0,0,0,0,0,270,0,0] | Acc: 100.00 | Acc2: 100.00 | Time: 0.319
Total:   270 | Class: 8 | [0,0,0,0,0,0,0,0,270,0] | Acc: 100.00 | Acc2: 100.00 | Time: 0.366
Total:   270 | Class: 9 | [0,0,0,0,0,0,0,0,0,270] | Acc: 100.00 | Acc2: 100.00 | Time: 0.335
Total:   270 | Class: 0 | [270,0,0,0,0,0,0,0,0,0] | Acc: 100.00 | Acc2: 100.00 | Time: 0.347
Total:   270 | Class: 1 | [0,270,0,0,0,0,0,0,0,0] | Acc: 100.00 | Acc2: 100.00 | Time: 0.337
Total:   270 | Class: 2 | [0,0,270,0,0,0,0,0,0,0] | Acc: 100.00 | Acc2: 100.00 | Time: 0.346
Total:   270 | Class: 3 | [0,0,270,0,0,0,0,0,0,0] | Acc: 0.00 | Acc2: 0.00 | Time: 0.380
Total:   270 | Class: 4 | [0,0,270,0,0,0,0,0,0,0] | Acc: 0.00 | Acc2: 0.00 | Time: 0.331
Total:   270 | Class: 5 | [0,0,0,0,0,270,0,0,0,0] | Acc: 100.00 | Acc2: 100.00 | Time: 0.368
Total:   270 | Class: 6 | [0,0,0,0,0,0,270,0,0,0] | Acc: 100.00 | Acc2: 100.00 | Time: 0.363
Total:   270 | Class: 7 | [0,0,0,0,0,0,0,270,0,0] | Acc: 100.00 | Acc2: 100.00 | Time: 0.351
Total:   270 | Class: 8 | [0,0,0,0,0,0,0,0,270,0] | Acc: 100.00 | Acc2: 100.00 | Time: 0.363
Total:   270 | Class: 9 | [0,0,0,0,0,0,0,0,0,270] | Acc: 100.00 | Acc2: 100.00 | Time: 0.345
Total:   270 | Class: 0 | [270,0,0,0,0,0,0,0,0,0] | Acc: 100.00 | Acc2: 100.00 | Time: 0.371
Total:   270 | Class: 1 | [0,270,0,0,0,0,0,0,0,0] | Acc: 100.00 | Acc2: 100.00 | Time: 0.427
Total:   270 | Class: 2 | [0,0,270,0,0,0,0,0,0,0] | Acc: 100.00 | Acc2: 100.00 | Time: 0.432
Total:   270 | Class: 3 | [0,0,270,0,0,0,0,0,0,0] | Acc: 0.00 | Acc2: 0.00 | Time: 0.444
Total:   270 | Class: 4 | [0,0,270,0,0,0,0,0,0,0] | Acc: 0.00 | Acc2: 0.00 | Time: 0.369
Total:   270 | Class: 5 | [0,0,0,0,0,270,0,0,0,0] | Acc: 100.00 | Acc2: 100.00 | Time: 0.369
Total:   270 | Class: 6 | [0,0,0,0,0,0,270,0,0,0] | Acc: 100.00 | Acc2: 100.00 | Time: 0.351
Total:   270 | Class: 7 | [0,0,0,0,0,0,0,270,0,0] | Acc: 100.00 | Acc2: 100.00 | Time: 0.316
Total:   270 | Class: 8 | [0,0,0,0,0,0,0,0,270,0] | Acc: 100.00 | Acc2: 100.00 | Time: 0.330
Total:   270 | Class: 9 | [0,0,0,0,0,0,0,0,0,270] | Acc: 100.00 | Acc2: 100.00 | Time: 0.343
Total:   270 | Class: 0 | [270,0,0,0,0,0,0,0,0,0] | Acc: 100.00 | Acc2: 100.00 | Time: 0.326
Total:   270 | Class: 1 | [0,270,0,0,0,0,0,0,0,0] | Acc: 100.00 | Acc2: 100.00 | Time: 0.335
Total:   270 | Class: 2 | [0,0,270,0,0,0,0,0,0,0] | Acc: 100.00 | Acc2: 100.00 | Time: 0.319
Total:   270 | Class: 3 | [0,0,270,0,0,0,0,0,0,0] | Acc: 0.00 | Acc2: 0.00 | Time: 0.421
Total:   270 | Class: 4 | [0,0,270,0,0,0,0,0,0,0] | Acc: 0.00 | Acc2: 0.00 | Time: 0.351
Total:   270 | Class: 5 | [0,0,0,0,0,270,0,0,0,0] | Acc: 100.00 | Acc2: 100.00 | Time: 0.420
Total:   270 | Class: 6 | [0,0,0,0,0,0,270,0,0,0] | Acc: 100.00 | Acc2: 100.00 | Time: 0.333
Total:   270 | Class: 7 | [0,0,0,0,0,0,0,270,0,0] | Acc: 100.00 | Acc2: 100.00 | Time: 0.364
Total:   270 | Class: 8 | [0,0,0,0,0,0,0,0,270,0] | Acc: 100.00 | Acc2: 100.00 | Time: 0.434
Total:   270 | Class: 9 | [0,0,0,0,0,0,0,0,0,270] | Acc: 100.00 | Acc2: 100.00 | Time: 0.417
Total:   270 | Class: 0 | [270,0,0,0,0,0,0,0,0,0] | Acc: 100.00 | Acc2: 100.00 | Time: 0.325
Total:   270 | Class: 1 | [0,270,0,0,0,0,0,0,0,0] | Acc: 100.00 | Acc2: 100.00 | Time: 0.351
Total:   270 | Class: 2 | [0,0,270,0,0,0,0,0,0,0] | Acc: 100.00 | Acc2: 100.00 | Time: 0.332
Total:   270 | Class: 3 | [0,0,270,0,0,0,0,0,0,0] | Acc: 0.00 | Acc2: 0.00 | Time: 0.398
Total:   270 | Class: 4 | [0,0,270,0,0,0,0,0,0,0] | Acc: 0.00 | Acc2: 0.00 | Time: 0.344
Total:   270 | Class: 5 | [0,0,0,0,0,270,0,0,0,0] | Acc: 100.00 | Acc2: 100.00 | Time: 0.392
Total:   270 | Class: 6 | [0,0,0,0,0,0,270,0,0,0] | Acc: 100.00 | Acc2: 100.00 | Time: 0.357
Total:   270 | Class: 7 | [0,0,0,0,0,0,0,270,0,0] | Acc: 100.00 | Acc2: 100.00 | Time: 0.357
Total:   270 | Class: 8 | [0,0,0,0,0,0,0,0,270,0] | Acc: 100.00 | Acc2: 100.00 | Time: 0.403
Total:   270 | Class: 9 | [0,0,0,0,0,0,0,0,0,270] | Acc: 100.00 | Acc2: 100.00 | Time: 0.338
Total:   270 | Class: 0 | [270,0,0,0,0,0,0,0,0,0] | Acc: 100.00 | Acc2: 100.00 | Time: 0.454
Total:   270 | Class: 1 | [0,270,0,0,0,0,0,0,0,0] | Acc: 100.00 | Acc2: 100.00 | Time: 0.355
Total:   270 | Class: 2 | [0,0,270,0,0,0,0,0,0,0] | Acc: 100.00 | Acc2: 100.00 | Time: 0.367
Total:   270 | Class: 3 | [0,0,270,0,0,0,0,0,0,0] | Acc: 0.00 | Acc2: 0.00 | Time: 0.340
Total:   270 | Class: 4 | [0,0,270,0,0,0,0,0,0,0] | Acc: 0.00 | Acc2: 0.00 | Time: 0.398
Total:   270 | Class: 5 | [0,0,0,0,0,270,0,0,0,0] | Acc: 100.00 | Acc2: 100.00 | Time: 0.361
Total:   270 | Class: 6 | [0,0,0,0,0,0,270,0,0,0] | Acc: 100.00 | Acc2: 100.00 | Time: 0.362
Total:   270 | Class: 7 | [0,0,0,0,0,0,0,270,0,0] | Acc: 100.00 | Acc2: 100.00 | Time: 0.348
Total:   270 | Class: 8 | [0,0,0,0,0,0,0,0,270,0] | Acc: 100.00 | Acc2: 100.00 | Time: 0.350
Total:   270 | Class: 9 | [0,0,0,0,0,0,0,0,0,270] | Acc: 100.00 | Acc2: 100.00 | Time: 0.382
Total:   270 | Class: 0 | [270,0,0,0,0,0,0,0,0,0] | Acc: 100.00 | Acc2: 100.00 | Time: 0.331
Total:   270 | Class: 1 | [0,270,0,0,0,0,0,0,0,0] | Acc: 100.00 | Acc2: 100.00 | Time: 0.349
Total:   270 | Class: 2 | [0,0,270,0,0,0,0,0,0,0] | Acc: 100.00 | Acc2: 100.00 | Time: 0.314
Total:   270 | Class: 3 | [0,0,270,0,0,0,0,0,0,0] | Acc: 0.00 | Acc2: 0.00 | Time: 0.351
Total:   270 | Class: 4 | [0,0,270,0,0,0,0,0,0,0] | Acc: 0.00 | Acc2: 0.00 | Time: 0.347
Total:   270 | Class: 5 | [0,0,0,0,0,270,0,0,0,0] | Acc: 100.00 | Acc2: 100.00 | Time: 0.359
Total:   270 | Class: 6 | [0,0,0,0,0,0,270,0,0,0] | Acc: 100.00 | Acc2: 100.00 | Time: 0.370
Total:   270 | Class: 7 | [0,0,0,0,0,0,0,270,0,0] | Acc: 100.00 | Acc2: 100.00 | Time: 0.379
Total:   270 | Class: 8 | [0,0,0,0,0,0,0,0,270,0] | Acc: 100.00 | Acc2: 100.00 | Time: 0.372
Total:   270 | Class: 9 | [0,0,0,0,0,0,0,0,0,270] | Acc: 100.00 | Acc2: 100.00 | Time: 0.348
Total:   270 | Class: 0 | [270,0,0,0,0,0,0,0,0,0] | Acc: 100.00 | Acc2: 100.00 | Time: 0.352
Total:   270 | Class: 1 | [0,270,0,0,0,0,0,0,0,0] | Acc: 100.00 | Acc2: 100.00 | Time: 0.340
Total:   270 | Class: 2 | [0,0,270,0,0,0,0,0,0,0] | Acc: 100.00 | Acc2: 100.00 | Time: 0.368
Total:   270 | Class: 3 | [0,0,270,0,0,0,0,0,0,0] | Acc: 0.00 | Acc2: 0.00 | Time: 0.331
Total:   270 | Class: 4 | [0,0,270,0,0,0,0,0,0,0] | Acc: 0.00 | Acc2: 0.00 | Time: 0.353
Total:   270 | Class: 5 | [0,0,0,0,0,270,0,0,0,0] | Acc: 100.00 | Acc2: 100.00 | Time: 0.363
Total:   270 | Class: 6 | [0,0,0,0,0,0,270,0,0,0] | Acc: 100.00 | Acc2: 100.00 | Time: 0.353
Total:   270 | Class: 7 | [0,0,0,0,0,0,0,270,0,0] | Acc: 100.00 | Acc2: 100.00 | Time: 0.409
Total:   270 | Class: 8 | [0,0,0,0,0,0,0,0,270,0] | Acc: 100.00 | Acc2: 100.00 | Time: 0.331
Total:   270 | Class: 9 | [0,0,0,0,0,0,0,0,0,270] | Acc: 100.00 | Acc2: 100.00 | Time: 0.368
Total:   270 | Class: 0 | [270,0,0,0,0,0,0,0,0,0] | Acc: 100.00 | Acc2: 100.00 | Time: 0.392
Total:   270 | Class: 1 | [0,270,0,0,0,0,0,0,0,0] | Acc: 100.00 | Acc2: 100.00 | Time: 0.356
Total:   270 | Class: 2 | [0,0,270,0,0,0,0,0,0,0] | Acc: 100.00 | Acc2: 100.00 | Time: 0.367
Total:   270 | Class: 3 | [0,0,270,0,0,0,0,0,0,0] | Acc: 0.00 | Acc2: 0.00 | Time: 0.370
Total:   270 | Class: 4 | [0,0,270,0,0,0,0,0,0,0] | Acc: 0.00 | Acc2: 0.00 | Time: 0.393
Total:   270 | Class: 5 | [0,0,0,0,0,270,0,0,0,0] | Acc: 100.00 | Acc2: 100.00 | Time: 0.353
Total:   270 | Class: 6 | [0,0,0,0,0,0,270,0,0,0] | Acc: 100.00 | Acc2: 100.00 | Time: 0.403
Total:   270 | Class: 7 | [0,0,0,0,0,0,0,270,0,0] | Acc: 100.00 | Acc2: 100.00 | Time: 0.387
Total:   270 | Class: 8 | [0,0,0,0,0,0,0,0,270,0] | Acc: 100.00 | Acc2: 100.00 | Time: 0.327
Total:   270 | Class: 9 | [0,0,0,0,0,0,0,0,0,270] | Acc: 100.00 | Acc2: 100.00 | Time: 0.365
Total:   270 | Class: 0 | [270,0,0,0,0,0,0,0,0,0] | Acc: 100.00 | Acc2: 100.00 | Time: 0.368
Total:   270 | Class: 1 | [0,270,0,0,0,0,0,0,0,0] | Acc: 100.00 | Acc2: 100.00 | Time: 0.357
Total:   270 | Class: 2 | [0,0,270,0,0,0,0,0,0,0] | Acc: 100.00 | Acc2: 100.00 | Time: 0.338
Total:   270 | Class: 3 | [0,0,270,0,0,0,0,0,0,0] | Acc: 0.00 | Acc2: 0.00 | Time: 0.315
Total:   270 | Class: 4 | [0,0,270,0,0,0,0,0,0,0] | Acc: 0.00 | Acc2: 0.00 | Time: 0.356
Total:   270 | Class: 5 | [0,0,0,0,0,270,0,0,0,0] | Acc: 100.00 | Acc2: 100.00 | Time: 0.359
Total:   270 | Class: 6 | [0,0,0,0,0,0,270,0,0,0] | Acc: 100.00 | Acc2: 100.00 | Time: 0.366
Total:   270 | Class: 7 | [0,0,0,0,0,0,0,270,0,0] | Acc: 100.00 | Acc2: 100.00 | Time: 0.385
Total:   270 | Class: 8 | [0,0,0,0,0,0,0,0,270,0] | Acc: 100.00 | Acc2: 100.00 | Time: 0.341
Total:   270 | Class: 9 | [0,0,0,0,0,0,0,0,0,270] | Acc: 100.00 | Acc2: 100.00 | Time: 0.391
Total:   270 | Class: 0 | [270,0,0,0,0,0,0,0,0,0] | Acc: 100.00 | Acc2: 100.00 | Time: 0.353
Total:   270 | Class: 1 | [0,270,0,0,0,0,0,0,0,0] | Acc: 100.00 | Acc2: 100.00 | Time: 0.331
Total:   270 | Class: 2 | [0,0,270,0,0,0,0,0,0,0] | Acc: 100.00 | Acc2: 100.00 | Time: 0.368
Total:   270 | Class: 3 | [0,0,270,0,0,0,0,0,0,0] | Acc: 0.00 | Acc2: 0.00 | Time: 0.342
Total:   270 | Class: 4 | [0,0,270,0,0,0,0,0,0,0] | Acc: 0.00 | Acc2: 0.00 | Time: 0.371
Total:   270 | Class: 5 | [0,0,0,0,0,270,0,0,0,0] | Acc: 100.00 | Acc2: 100.00 | Time: 0.343
Total:   270 | Class: 6 | [0,0,0,0,0,0,270,0,0,0] | Acc: 100.00 | Acc2: 100.00 | Time: 0.402
Total:   270 | Class: 7 | [0,0,0,0,0,0,0,270,0,0] | Acc: 100.00 | Acc2: 100.00 | Time: 0.329
Total:   270 | Class: 8 | [0,0,0,0,0,0,0,0,270,0] | Acc: 100.00 | Acc2: 100.00 | Time: 0.371
Total:   270 | Class: 9 | [0,0,0,0,0,0,0,0,0,270] | Acc: 100.00 | Acc2: 100.00 | Time: 0.328
Total:   270 | Class: 0 | [0,0,0,0,0,0,0,0,0,270] | Acc: 0.00 | Acc2: 0.00 | Time: 0.332
Total:   270 | Class: 1 | [0,0,0,270,0,0,0,0,0,0] | Acc: 0.00 | Acc2: 0.00 | Time: 0.344
Total:   270 | Class: 2 | [0,0,0,0,0,0,0,0,0,270] | Acc: 0.00 | Acc2: 0.00 | Time: 0.382
Total:   270 | Class: 3 | [0,0,0,0,0,0,0,0,0,270] | Acc: 0.00 | Acc2: 0.00 | Time: 0.361
Total:   270 | Class: 4 | [0,0,0,0,0,0,0,0,0,270] | Acc: 0.00 | Acc2: 0.00 | Time: 0.331
Total:   270 | Class: 5 | [0,0,0,0,0,0,0,0,0,270] | Acc: 0.00 | Acc2: 0.00 | Time: 0.335
Total:   270 | Class: 6 | [270,0,0,0,0,0,0,0,0,0] | Acc: 0.00 | Acc2: 0.00 | Time: 0.322
Total:   270 | Class: 7 | [0,0,0,0,0,0,0,0,0,270] | Acc: 0.00 | Acc2: 0.00 | Time: 0.333
Total:   270 | Class: 8 | [0,0,0,270,0,0,0,0,0,0] | Acc: 0.00 | Acc2: 0.00 | Time: 0.346
Total:   270 | Class: 9 | [0,0,0,0,0,0,0,0,0,270] | Acc: 100.00 | Acc2: 100.00 | Time: 0.300
Total:   270 | Class: 0 | [270,0,0,0,0,0,0,0,0,0] | Acc: 100.00 | Acc2: 100.00 | Time: 0.338
Total:   270 | Class: 1 | [0,270,0,0,0,0,0,0,0,0] | Acc: 100.00 | Acc2: 100.00 | Time: 0.352
Total:   270 | Class: 2 | [0,0,270,0,0,0,0,0,0,0] | Acc: 100.00 | Acc2: 100.00 | Time: 0.350
Total:   270 | Class: 3 | [0,0,270,0,0,0,0,0,0,0] | Acc: 0.00 | Acc2: 0.00 | Time: 0.319
Total:   270 | Class: 4 | [0,0,270,0,0,0,0,0,0,0] | Acc: 0.00 | Acc2: 0.00 | Time: 0.334
Total:   270 | Class: 5 | [0,0,0,0,0,270,0,0,0,0] | Acc: 100.00 | Acc2: 100.00 | Time: 0.332
Total:   270 | Class: 6 | [0,0,0,0,0,0,270,0,0,0] | Acc: 100.00 | Acc2: 0.00 | Time: 0.368
Total:   270 | Class: 7 | [0,0,0,0,0,0,0,270,0,0] | Acc: 100.00 | Acc2: 100.00 | Time: 0.355
Total:   270 | Class: 8 | [0,0,0,0,0,0,0,0,270,0] | Acc: 100.00 | Acc2: 100.00 | Time: 0.402
Total:   270 | Class: 9 | [0,0,0,0,0,0,0,0,0,270] | Acc: 100.00 | Acc2: 100.00 | Time: 0.330
Total:   270 | Class: 0 | [270,0,0,0,0,0,0,0,0,0] | Acc: 100.00 | Acc2: 100.00 | Time: 0.383
Total:   270 | Class: 1 | [0,270,0,0,0,0,0,0,0,0] | Acc: 100.00 | Acc2: 100.00 | Time: 0.409
Total:   270 | Class: 2 | [0,0,270,0,0,0,0,0,0,0] | Acc: 100.00 | Acc2: 100.00 | Time: 0.378
Total:   270 | Class: 3 | [0,0,270,0,0,0,0,0,0,0] | Acc: 0.00 | Acc2: 0.00 | Time: 0.389
Total:   270 | Class: 4 | [0,0,270,0,0,0,0,0,0,0] | Acc: 0.00 | Acc2: 0.00 | Time: 0.376
Total:   270 | Class: 5 | [0,0,0,0,0,270,0,0,0,0] | Acc: 100.00 | Acc2: 100.00 | Time: 0.305
Total:   270 | Class: 6 | [0,0,0,0,0,0,270,0,0,0] | Acc: 100.00 | Acc2: 0.00 | Time: 0.308
Total:   270 | Class: 7 | [0,0,0,0,0,0,0,270,0,0] | Acc: 100.00 | Acc2: 100.00 | Time: 0.333
Total:   270 | Class: 8 | [0,0,0,0,0,0,0,0,270,0] | Acc: 100.00 | Acc2: 100.00 | Time: 0.367
Total:   270 | Class: 9 | [0,0,0,0,0,0,0,0,0,270] | Acc: 100.00 | Acc2: 100.00 | Time: 0.369
Total:   270 | Class: 0 | [270,0,0,0,0,0,0,0,0,0] | Acc: 100.00 | Acc2: 100.00 | Time: 0.365
Total:   270 | Class: 1 | [0,270,0,0,0,0,0,0,0,0] | Acc: 100.00 | Acc2: 100.00 | Time: 0.300
Total:   270 | Class: 2 | [0,0,0,0,270,0,0,0,0,0] | Acc: 0.00 | Acc2: 0.00 | Time: 0.385
Total:   270 | Class: 3 | [0,0,0,0,270,0,0,0,0,0] | Acc: 0.00 | Acc2: 0.00 | Time: 0.347
Total:   270 | Class: 4 | [0,0,0,0,270,0,0,0,0,0] | Acc: 100.00 | Acc2: 100.00 | Time: 0.376
Total:   270 | Class: 5 | [0,0,0,0,0,270,0,0,0,0] | Acc: 100.00 | Acc2: 100.00 | Time: 0.370
Total:   270 | Class: 6 | [0,0,0,0,0,0,270,0,0,0] | Acc: 100.00 | Acc2: 0.00 | Time: 0.416
Total:   270 | Class: 7 | [0,0,0,0,0,0,0,270,0,0] | Acc: 100.00 | Acc2: 100.00 | Time: 0.407
Total:   270 | Class: 8 | [0,0,0,0,0,0,0,0,270,0] | Acc: 100.00 | Acc2: 100.00 | Time: 0.408
Total:   270 | Class: 9 | [0,0,0,0,0,0,0,0,0,270] | Acc: 100.00 | Acc2: 100.00 | Time: 0.381
Total:   270 | Class: 0 | [270,0,0,0,0,0,0,0,0,0] | Acc: 100.00 | Acc2: 100.00 | Time: 0.364
Total:   270 | Class: 1 | [0,270,0,0,0,0,0,0,0,0] | Acc: 100.00 | Acc2: 100.00 | Time: 0.404
Total:   270 | Class: 2 | [0,0,270,0,0,0,0,0,0,0] | Acc: 100.00 | Acc2: 100.00 | Time: 0.377
Total:   270 | Class: 3 | [0,0,270,0,0,0,0,0,0,0] | Acc: 0.00 | Acc2: 0.00 | Time: 0.378
Total:   270 | Class: 4 | [0,0,270,0,0,0,0,0,0,0] | Acc: 0.00 | Acc2: 0.00 | Time: 0.413
Total:   270 | Class: 5 | [0,0,0,0,0,270,0,0,0,0] | Acc: 100.00 | Acc2: 100.00 | Time: 0.360
Total:   270 | Class: 6 | [0,0,0,0,0,0,270,0,0,0] | Acc: 100.00 | Acc2: 0.00 | Time: 0.372
Total:   270 | Class: 7 | [0,0,0,0,0,0,0,270,0,0] | Acc: 100.00 | Acc2: 100.00 | Time: 0.359
Total:   270 | Class: 8 | [0,0,0,0,0,0,0,0,270,0] | Acc: 100.00 | Acc2: 100.00 | Time: 0.375
Total:   270 | Class: 9 | [0,0,0,0,0,0,0,0,0,270] | Acc: 100.00 | Acc2: 100.00 | Time: 0.379
Total:   270 | Class: 0 | [270,0,0,0,0,0,0,0,0,0] | Acc: 100.00 | Acc2: 100.00 | Time: 0.423
Total:   270 | Class: 1 | [0,270,0,0,0,0,0,0,0,0] | Acc: 100.00 | Acc2: 100.00 | Time: 0.394
Total:   270 | Class: 2 | [0,0,270,0,0,0,0,0,0,0] | Acc: 100.00 | Acc2: 100.00 | Time: 0.349
Total:   270 | Class: 3 | [0,0,270,0,0,0,0,0,0,0] | Acc: 0.00 | Acc2: 0.00 | Time: 0.326
Total:   270 | Class: 4 | [0,0,270,0,0,0,0,0,0,0] | Acc: 0.00 | Acc2: 0.00 | Time: 0.406
Total:   270 | Class: 5 | [0,0,0,0,0,270,0,0,0,0] | Acc: 100.00 | Acc2: 100.00 | Time: 0.372
Total:   270 | Class: 6 | [0,0,0,0,0,0,270,0,0,0] | Acc: 100.00 | Acc2: 0.00 | Time: 0.397
Total:   270 | Class: 7 | [0,0,0,0,0,0,0,270,0,0] | Acc: 100.00 | Acc2: 100.00 | Time: 0.390
Total:   270 | Class: 8 | [0,0,0,0,0,0,0,0,270,0] | Acc: 100.00 | Acc2: 100.00 | Time: 0.395
Total:   270 | Class: 9 | [0,0,0,0,0,0,0,0,0,270] | Acc: 100.00 | Acc2: 100.00 | Time: 0.328
Total:   270 | Class: 0 | [270,0,0,0,0,0,0,0,0,0] | Acc: 100.00 | Acc2: 100.00 | Time: 0.340
Total:   270 | Class: 1 | [0,270,0,0,0,0,0,0,0,0] | Acc: 100.00 | Acc2: 100.00 | Time: 0.363
Total:   270 | Class: 2 | [0,0,270,0,0,0,0,0,0,0] | Acc: 100.00 | Acc2: 100.00 | Time: 0.333
Total:   270 | Class: 3 | [0,0,270,0,0,0,0,0,0,0] | Acc: 0.00 | Acc2: 0.00 | Time: 0.348
Total:   270 | Class: 4 | [0,0,270,0,0,0,0,0,0,0] | Acc: 0.00 | Acc2: 0.00 | Time: 0.340
Total:   270 | Class: 5 | [0,0,0,0,0,270,0,0,0,0] | Acc: 100.00 | Acc2: 100.00 | Time: 0.398
Total:   270 | Class: 6 | [0,0,0,0,0,0,270,0,0,0] | Acc: 100.00 | Acc2: 0.00 | Time: 0.334
Total:   270 | Class: 7 | [0,0,0,0,0,0,0,270,0,0] | Acc: 100.00 | Acc2: 100.00 | Time: 0.377
Total:   270 | Class: 8 | [0,0,0,0,0,0,0,0,270,0] | Acc: 100.00 | Acc2: 100.00 | Time: 0.350
Total:   270 | Class: 9 | [0,0,0,0,0,0,0,0,0,270] | Acc: 100.00 | Acc2: 100.00 | Time: 0.350
Total:   270 | Class: 0 | [270,0,0,0,0,0,0,0,0,0] | Acc: 100.00 | Acc2: 100.00 | Time: 0.350
Total:   270 | Class: 1 | [0,270,0,0,0,0,0,0,0,0] | Acc: 100.00 | Acc2: 100.00 | Time: 0.346
Total:   270 | Class: 2 | [0,0,270,0,0,0,0,0,0,0] | Acc: 100.00 | Acc2: 100.00 | Time: 0.347
Total:   270 | Class: 3 | [0,0,270,0,0,0,0,0,0,0] | Acc: 0.00 | Acc2: 0.00 | Time: 0.363
Total:   270 | Class: 4 | [0,0,270,0,0,0,0,0,0,0] | Acc: 0.00 | Acc2: 0.00 | Time: 0.352
Total:   270 | Class: 5 | [0,0,0,0,0,270,0,0,0,0] | Acc: 100.00 | Acc2: 100.00 | Time: 0.363
Total:   270 | Class: 6 | [0,0,0,0,0,0,270,0,0,0] | Acc: 100.00 | Acc2: 0.00 | Time: 0.379
Total:   270 | Class: 7 | [0,0,0,0,0,0,0,270,0,0] | Acc: 100.00 | Acc2: 100.00 | Time: 0.349
Total:   270 | Class: 8 | [0,0,0,0,0,0,0,0,270,0] | Acc: 100.00 | Acc2: 100.00 | Time: 0.365
Total:   270 | Class: 9 | [0,0,0,0,0,0,0,0,0,270] | Acc: 100.00 | Acc2: 100.00 | Time: 0.350
Total:   270 | Class: 0 | [270,0,0,0,0,0,0,0,0,0] | Acc: 100.00 | Acc2: 100.00 | Time: 0.336
Total:   270 | Class: 1 | [0,270,0,0,0,0,0,0,0,0] | Acc: 100.00 | Acc2: 100.00 | Time: 0.368
Total:   270 | Class: 2 | [0,0,270,0,0,0,0,0,0,0] | Acc: 100.00 | Acc2: 100.00 | Time: 0.325
Total:   270 | Class: 3 | [0,0,270,0,0,0,0,0,0,0] | Acc: 0.00 | Acc2: 0.00 | Time: 0.363
Total:   270 | Class: 4 | [0,0,270,0,0,0,0,0,0,0] | Acc: 0.00 | Acc2: 0.00 | Time: 0.346
Total:   270 | Class: 5 | [0,0,0,0,0,270,0,0,0,0] | Acc: 100.00 | Acc2: 100.00 | Time: 0.331
Total:   270 | Class: 6 | [0,0,0,0,0,0,270,0,0,0] | Acc: 100.00 | Acc2: 0.00 | Time: 0.351
Total:   270 | Class: 7 | [0,0,0,0,0,0,0,270,0,0] | Acc: 100.00 | Acc2: 100.00 | Time: 0.365
Total:   270 | Class: 8 | [0,0,0,0,0,0,0,0,270,0] | Acc: 100.00 | Acc2: 100.00 | Time: 0.352
Total:   270 | Class: 9 | [0,0,0,0,0,0,0,0,0,270] | Acc: 100.00 | Acc2: 100.00 | Time: 0.354
Total:   270 | Class: 0 | [270,0,0,0,0,0,0,0,0,0] | Acc: 100.00 | Acc2: 100.00 | Time: 0.353
Total:   270 | Class: 1 | [0,270,0,0,0,0,0,0,0,0] | Acc: 100.00 | Acc2: 100.00 | Time: 0.360
Total:   270 | Class: 2 | [0,0,270,0,0,0,0,0,0,0] | Acc: 100.00 | Acc2: 100.00 | Time: 0.324
Total:   270 | Class: 3 | [0,0,270,0,0,0,0,0,0,0] | Acc: 0.00 | Acc2: 0.00 | Time: 0.348
Total:   270 | Class: 4 | [0,0,270,0,0,0,0,0,0,0] | Acc: 0.00 | Acc2: 0.00 | Time: 0.339
Total:   270 | Class: 5 | [0,0,0,0,0,270,0,0,0,0] | Acc: 100.00 | Acc2: 100.00 | Time: 0.416
Total:   270 | Class: 6 | [0,0,0,0,0,0,270,0,0,0] | Acc: 100.00 | Acc2: 0.00 | Time: 0.350
Total:   270 | Class: 7 | [0,0,0,0,0,0,0,270,0,0] | Acc: 100.00 | Acc2: 100.00 | Time: 0.395
Total:   270 | Class: 8 | [0,0,0,0,0,0,0,0,270,0] | Acc: 100.00 | Acc2: 100.00 | Time: 0.358
Total:   270 | Class: 9 | [0,0,0,0,0,0,0,0,0,270] | Acc: 100.00 | Acc2: 100.00 | Time: 0.432
Total:   270 | Class: 0 | [270,0,0,0,0,0,0,0,0,0] | Acc: 100.00 | Acc2: 100.00 | Time: 0.353
Total:   270 | Class: 1 | [0,270,0,0,0,0,0,0,0,0] | Acc: 100.00 | Acc2: 100.00 | Time: 0.329
Total:   270 | Class: 2 | [0,0,270,0,0,0,0,0,0,0] | Acc: 100.00 | Acc2: 100.00 | Time: 0.318
Total:   270 | Class: 3 | [0,0,270,0,0,0,0,0,0,0] | Acc: 0.00 | Acc2: 0.00 | Time: 0.330
Total:   270 | Class: 4 | [0,0,270,0,0,0,0,0,0,0] | Acc: 0.00 | Acc2: 0.00 | Time: 0.349
Total:   270 | Class: 5 | [0,0,0,0,0,270,0,0,0,0] | Acc: 100.00 | Acc2: 100.00 | Time: 0.392
Total:   270 | Class: 6 | [0,0,0,0,0,0,270,0,0,0] | Acc: 100.00 | Acc2: 100.00 | Time: 0.384
Total:   270 | Class: 7 | [0,0,0,0,0,0,0,270,0,0] | Acc: 100.00 | Acc2: 100.00 | Time: 0.368
Total:   270 | Class: 8 | [0,0,0,0,0,0,0,0,270,0] | Acc: 100.00 | Acc2: 100.00 | Time: 0.395
Total:   270 | Class: 9 | [0,0,0,0,0,0,0,0,0,270] | Acc: 100.00 | Acc2: 100.00 | Time: 0.324
Total:   270 | Class: 0 | [270,0,0,0,0,0,0,0,0,0] | Acc: 100.00 | Acc2: 100.00 | Time: 0.363
Total:   270 | Class: 1 | [0,270,0,0,0,0,0,0,0,0] | Acc: 100.00 | Acc2: 100.00 | Time: 0.326
Total:   270 | Class: 2 | [0,0,270,0,0,0,0,0,0,0] | Acc: 100.00 | Acc2: 100.00 | Time: 0.347
Total:   270 | Class: 3 | [0,0,270,0,0,0,0,0,0,0] | Acc: 0.00 | Acc2: 0.00 | Time: 0.396
Total:   270 | Class: 4 | [0,0,270,0,0,0,0,0,0,0] | Acc: 0.00 | Acc2: 0.00 | Time: 0.392
Total:   270 | Class: 5 | [0,0,0,0,0,270,0,0,0,0] | Acc: 100.00 | Acc2: 100.00 | Time: 0.339
Total:   270 | Class: 6 | [0,0,0,0,0,0,270,0,0,0] | Acc: 100.00 | Acc2: 100.00 | Time: 0.413
Total:   270 | Class: 7 | [0,0,0,0,0,0,0,270,0,0] | Acc: 100.00 | Acc2: 100.00 | Time: 0.352
Total:   270 | Class: 8 | [0,0,0,0,0,0,0,0,270,0] | Acc: 100.00 | Acc2: 100.00 | Time: 0.356
Total:   270 | Class: 9 | [0,0,0,0,0,0,0,0,0,270] | Acc: 100.00 | Acc2: 100.00 | Time: 0.395
Total:   270 | Class: 0 | [270,0,0,0,0,0,0,0,0,0] | Acc: 100.00 | Acc2: 100.00 | Time: 0.369
Total:   270 | Class: 1 | [0,270,0,0,0,0,0,0,0,0] | Acc: 100.00 | Acc2: 100.00 | Time: 0.349
Total:   270 | Class: 2 | [0,0,270,0,0,0,0,0,0,0] | Acc: 100.00 | Acc2: 100.00 | Time: 0.367
Total:   270 | Class: 3 | [0,0,270,0,0,0,0,0,0,0] | Acc: 0.00 | Acc2: 0.00 | Time: 0.339
Total:   270 | Class: 4 | [0,0,270,0,0,0,0,0,0,0] | Acc: 0.00 | Acc2: 0.00 | Time: 0.335
Total:   270 | Class: 5 | [0,0,0,0,0,270,0,0,0,0] | Acc: 100.00 | Acc2: 100.00 | Time: 0.364
Total:   270 | Class: 6 | [0,0,0,0,0,0,270,0,0,0] | Acc: 100.00 | Acc2: 100.00 | Time: 0.365
Total:   270 | Class: 7 | [0,0,0,0,0,0,0,270,0,0] | Acc: 100.00 | Acc2: 100.00 | Time: 0.398
Total:   270 | Class: 8 | [0,0,0,0,0,0,0,0,270,0] | Acc: 100.00 | Acc2: 100.00 | Time: 0.399
Total:   270 | Class: 9 | [0,0,0,0,0,0,0,0,0,270] | Acc: 100.00 | Acc2: 100.00 | Time: 0.392
Total:   270 | Class: 0 | [270,0,0,0,0,0,0,0,0,0] | Acc: 100.00 | Acc2: 100.00 | Time: 0.357
Total:   270 | Class: 1 | [0,270,0,0,0,0,0,0,0,0] | Acc: 100.00 | Acc2: 100.00 | Time: 0.317
Total:   270 | Class: 2 | [0,0,270,0,0,0,0,0,0,0] | Acc: 100.00 | Acc2: 100.00 | Time: 0.371
Total:   270 | Class: 3 | [0,0,270,0,0,0,0,0,0,0] | Acc: 0.00 | Acc2: 0.00 | Time: 0.327
Total:   270 | Class: 4 | [0,0,270,0,0,0,0,0,0,0] | Acc: 0.00 | Acc2: 0.00 | Time: 0.363
Total:   270 | Class: 5 | [0,0,0,0,0,270,0,0,0,0] | Acc: 100.00 | Acc2: 100.00 | Time: 0.391
Total:   270 | Class: 6 | [0,0,0,0,0,0,270,0,0,0] | Acc: 100.00 | Acc2: 100.00 | Time: 0.352
Total:   270 | Class: 7 | [0,0,0,0,0,0,0,270,0,0] | Acc: 100.00 | Acc2: 100.00 | Time: 0.358
Total:   270 | Class: 8 | [0,0,0,0,0,0,0,0,270,0] | Acc: 100.00 | Acc2: 100.00 | Time: 0.376
Total:   270 | Class: 9 | [0,0,0,0,0,0,0,0,0,270] | Acc: 100.00 | Acc2: 100.00 | Time: 0.359
Total:   270 | Class: 0 | [270,0,0,0,0,0,0,0,0,0] | Acc: 100.00 | Acc2: 100.00 | Time: 0.365
Total:   270 | Class: 1 | [0,270,0,0,0,0,0,0,0,0] | Acc: 100.00 | Acc2: 100.00 | Time: 0.352
Total:   270 | Class: 2 | [0,0,270,0,0,0,0,0,0,0] | Acc: 100.00 | Acc2: 100.00 | Time: 0.330
Total:   270 | Class: 3 | [0,0,270,0,0,0,0,0,0,0] | Acc: 0.00 | Acc2: 0.00 | Time: 0.351
Total:   270 | Class: 4 | [0,0,270,0,0,0,0,0,0,0] | Acc: 0.00 | Acc2: 0.00 | Time: 0.320
Total:   270 | Class: 5 | [0,0,0,0,0,270,0,0,0,0] | Acc: 100.00 | Acc2: 100.00 | Time: 0.345
Total:   270 | Class: 6 | [0,0,0,0,0,0,270,0,0,0] | Acc: 100.00 | Acc2: 100.00 | Time: 0.325
Total:   270 | Class: 7 | [0,0,0,0,0,0,0,270,0,0] | Acc: 100.00 | Acc2: 100.00 | Time: 0.370
Total:   270 | Class: 8 | [0,0,0,0,0,0,0,0,270,0] | Acc: 100.00 | Acc2: 100.00 | Time: 0.311
Total:   270 | Class: 9 | [0,0,0,0,0,0,0,0,0,270] | Acc: 100.00 | Acc2: 100.00 | Time: 0.356
Total:   270 | Class: 0 | [270,0,0,0,0,0,0,0,0,0] | Acc: 100.00 | Acc2: 100.00 | Time: 0.304
Total:   270 | Class: 1 | [0,270,0,0,0,0,0,0,0,0] | Acc: 100.00 | Acc2: 100.00 | Time: 0.316
Total:   270 | Class: 2 | [0,0,270,0,0,0,0,0,0,0] | Acc: 100.00 | Acc2: 100.00 | Time: 0.351
Total:   270 | Class: 3 | [0,0,270,0,0,0,0,0,0,0] | Acc: 0.00 | Acc2: 0.00 | Time: 0.317
Total:   270 | Class: 4 | [0,0,270,0,0,0,0,0,0,0] | Acc: 0.00 | Acc2: 0.00 | Time: 0.366
Total:   270 | Class: 5 | [0,0,0,0,0,270,0,0,0,0] | Acc: 100.00 | Acc2: 100.00 | Time: 0.332
Total:   270 | Class: 6 | [0,0,0,0,0,0,270,0,0,0] | Acc: 100.00 | Acc2: 100.00 | Time: 0.346
Total:   270 | Class: 7 | [0,0,0,0,0,0,0,270,0,0] | Acc: 100.00 | Acc2: 100.00 | Time: 0.307
Total:   270 | Class: 8 | [0,0,0,0,0,0,0,0,270,0] | Acc: 100.00 | Acc2: 100.00 | Time: 0.309
Total:   270 | Class: 9 | [0,0,0,0,0,0,0,0,0,270] | Acc: 100.00 | Acc2: 100.00 | Time: 0.353
Total:   270 | Class: 0 | [270,0,0,0,0,0,0,0,0,0] | Acc: 100.00 | Acc2: 100.00 | Time: 0.322
Total:   270 | Class: 1 | [0,270,0,0,0,0,0,0,0,0] | Acc: 100.00 | Acc2: 100.00 | Time: 0.316
Total:   270 | Class: 2 | [0,0,270,0,0,0,0,0,0,0] | Acc: 100.00 | Acc2: 100.00 | Time: 0.356
Total:   270 | Class: 3 | [0,0,270,0,0,0,0,0,0,0] | Acc: 0.00 | Acc2: 0.00 | Time: 0.316
Total:   270 | Class: 4 | [0,0,270,0,0,0,0,0,0,0] | Acc: 0.00 | Acc2: 0.00 | Time: 0.373
Total:   270 | Class: 5 | [0,0,0,0,0,270,0,0,0,0] | Acc: 100.00 | Acc2: 100.00 | Time: 0.309
Total:   270 | Class: 6 | [0,0,0,0,0,0,270,0,0,0] | Acc: 100.00 | Acc2: 100.00 | Time: 0.355
Total:   270 | Class: 7 | [0,0,0,0,0,0,0,270,0,0] | Acc: 100.00 | Acc2: 100.00 | Time: 0.331
Total:   270 | Class: 8 | [0,0,0,0,0,0,0,0,270,0] | Acc: 100.00 | Acc2: 100.00 | Time: 0.314
Total:   270 | Class: 9 | [0,0,0,0,0,0,0,0,0,270] | Acc: 100.00 | Acc2: 100.00 | Time: 0.323
Total:   270 | Class: 0 | [270,0,0,0,0,0,0,0,0,0] | Acc: 100.00 | Acc2: 100.00 | Time: 0.366
Total:   270 | Class: 1 | [0,270,0,0,0,0,0,0,0,0] | Acc: 100.00 | Acc2: 100.00 | Time: 0.369
Total:   270 | Class: 2 | [0,0,270,0,0,0,0,0,0,0] | Acc: 100.00 | Acc2: 100.00 | Time: 0.363
Total:   270 | Class: 3 | [0,0,270,0,0,0,0,0,0,0] | Acc: 0.00 | Acc2: 0.00 | Time: 0.388
Total:   270 | Class: 4 | [0,0,270,0,0,0,0,0,0,0] | Acc: 0.00 | Acc2: 0.00 | Time: 0.324
Total:   270 | Class: 5 | [0,0,0,0,0,270,0,0,0,0] | Acc: 100.00 | Acc2: 100.00 | Time: 0.385
Total:   270 | Class: 6 | [0,0,0,0,0,0,270,0,0,0] | Acc: 100.00 | Acc2: 100.00 | Time: 0.324
Total:   270 | Class: 7 | [0,0,0,0,0,0,0,270,0,0] | Acc: 100.00 | Acc2: 100.00 | Time: 0.347
Total:   270 | Class: 8 | [0,0,0,0,0,0,0,0,270,0] | Acc: 100.00 | Acc2: 100.00 | Time: 0.353
Total:   270 | Class: 9 | [0,0,0,0,0,0,0,0,0,270] | Acc: 100.00 | Acc2: 100.00 | Time: 0.344
Total:   270 | Class: 0 | [270,0,0,0,0,0,0,0,0,0] | Acc: 100.00 | Acc2: 100.00 | Time: 0.326
Total:   270 | Class: 1 | [0,270,0,0,0,0,0,0,0,0] | Acc: 100.00 | Acc2: 100.00 | Time: 0.339
Total:   270 | Class: 2 | [0,0,270,0,0,0,0,0,0,0] | Acc: 100.00 | Acc2: 100.00 | Time: 0.331
Total:   270 | Class: 3 | [0,0,270,0,0,0,0,0,0,0] | Acc: 0.00 | Acc2: 0.00 | Time: 0.356
Total:   270 | Class: 4 | [0,0,270,0,0,0,0,0,0,0] | Acc: 0.00 | Acc2: 0.00 | Time: 0.372
Total:   270 | Class: 5 | [0,0,0,0,0,270,0,0,0,0] | Acc: 100.00 | Acc2: 100.00 | Time: 0.315
Total:   270 | Class: 6 | [0,0,0,0,0,0,270,0,0,0] | Acc: 100.00 | Acc2: 100.00 | Time: 0.379
Total:   270 | Class: 7 | [0,0,0,0,0,0,0,270,0,0] | Acc: 100.00 | Acc2: 100.00 | Time: 0.327
Total:   270 | Class: 8 | [0,0,0,0,0,0,0,0,270,0] | Acc: 100.00 | Acc2: 100.00 | Time: 0.299
Total:   270 | Class: 9 | [0,0,0,0,0,0,0,0,0,270] | Acc: 100.00 | Acc2: 100.00 | Time: 0.309
Total:   270 | Class: 0 | [270,0,0,0,0,0,0,0,0,0] | Acc: 100.00 | Acc2: 100.00 | Time: 0.333
Total:   270 | Class: 1 | [0,270,0,0,0,0,0,0,0,0] | Acc: 100.00 | Acc2: 100.00 | Time: 0.397
Total:   270 | Class: 2 | [0,0,270,0,0,0,0,0,0,0] | Acc: 100.00 | Acc2: 100.00 | Time: 0.429
Total:   270 | Class: 3 | [0,0,270,0,0,0,0,0,0,0] | Acc: 0.00 | Acc2: 0.00 | Time: 0.375
Total:   270 | Class: 4 | [0,0,270,0,0,0,0,0,0,0] | Acc: 0.00 | Acc2: 0.00 | Time: 0.433
Total:   270 | Class: 5 | [0,0,0,0,0,270,0,0,0,0] | Acc: 100.00 | Acc2: 100.00 | Time: 0.394
Total:   270 | Class: 6 | [0,0,0,0,0,0,270,0,0,0] | Acc: 100.00 | Acc2: 100.00 | Time: 0.364
Total:   270 | Class: 7 | [0,0,0,0,0,0,0,270,0,0] | Acc: 100.00 | Acc2: 100.00 | Time: 0.357
Total:   270 | Class: 8 | [0,0,0,0,0,0,0,0,270,0] | Acc: 100.00 | Acc2: 100.00 | Time: 0.391
Total:   270 | Class: 9 | [0,0,0,0,0,0,0,0,0,270] | Acc: 100.00 | Acc2: 100.00 | Time: 0.383
Total:   270 | Class: 0 | [270,0,0,0,0,0,0,0,0,0] | Acc: 100.00 | Acc2: 100.00 | Time: 0.370
Total:   270 | Class: 1 | [0,270,0,0,0,0,0,0,0,0] | Acc: 100.00 | Acc2: 100.00 | Time: 0.383
Total:   270 | Class: 2 | [0,0,270,0,0,0,0,0,0,0] | Acc: 100.00 | Acc2: 100.00 | Time: 0.376
Total:   270 | Class: 3 | [0,0,270,0,0,0,0,0,0,0] | Acc: 0.00 | Acc2: 0.00 | Time: 0.375
Total:   270 | Class: 4 | [0,0,270,0,0,0,0,0,0,0] | Acc: 0.00 | Acc2: 0.00 | Time: 0.384
Total:   270 | Class: 5 | [0,0,0,0,0,270,0,0,0,0] | Acc: 100.00 | Acc2: 100.00 | Time: 0.376
Total:   270 | Class: 6 | [0,0,0,0,0,0,270,0,0,0] | Acc: 100.00 | Acc2: 100.00 | Time: 0.363
Total:   270 | Class: 7 | [0,0,0,0,0,0,0,270,0,0] | Acc: 100.00 | Acc2: 100.00 | Time: 0.389
Total:   270 | Class: 8 | [0,0,0,0,0,0,0,0,270,0] | Acc: 100.00 | Acc2: 100.00 | Time: 0.389
Total:   270 | Class: 9 | [0,0,0,0,0,0,0,0,0,270] | Acc: 100.00 | Acc2: 100.00 | Time: 0.354
