################ TRAINING REPORT #################
# Images path   | dataset\digits\augmented_v456\
# Validation    | 0.30
# Height        | 64
# Width         | 64
# Architecure   | mnist
# Bacth Size    | 512
# Epochs        | 500
# Eval Criteria | 0.80
##################################################
train,validation,test,min,time
0.00,0.00,0.00,0.000
3.67,3.72,50.64,7.479,best
6.17,7.56,57.44,12.823,best
14.84,13.85,57.44,18.203,best
6.61,4.49,63.21,23.546
9.95,9.10,65.00,28.890
14.67,14.49,61.92,34.225,best
19.34,20.13,60.13,39.538,best
17.18,16.41,59.36,44.854
5.61,7.44,55.90,50.166
13.67,12.56,60.00,55.486
25.13,24.49,58.21,60.791,best
23.68,22.82,62.44,66.124
20.34,18.08,67.44,71.442
15.79,13.97,74.87,76.764
33.69,32.69,70.00,82.079,best
29.96,27.05,71.03,87.400
13.90,13.72,68.85,92.702
13.90,14.36,68.59,98.009
26.63,24.62,73.59,103.328
18.40,16.67,74.87,108.643
31.91,30.38,73.85,113.957
23.51,22.56,71.54,119.304
23.29,18.21,70.00,124.627
23.40,22.69,75.26,129.938
29.35,33.82,80.26,135.291,best
28.29,30.38,83.33,140.647
32.91,34.87,85.77,146.055,best
56.92,56.03,87.56,151.399,best
52.53,51.92,90.13,156.729
58.53,57.44,89.23,162.078,best
55.03,51.41,89.49,167.398
69.21,67.82,93.72,172.728,best
68.09,65.64,93.85,178.059
79.10,74.87,94.10,183.382,best
72.26,68.97,95.38,188.701
69.54,64.62,94.62,194.019
71.48,67.18,95.64,199.343
74.43,73.21,94.10,204.677
74.65,73.21,94.74,210.009
76.26,73.59,95.38,215.379
82.32,76.79,96.03,220.709,best
81.71,74.49,97.31,226.045
84.38,80.38,97.31,231.375,best
75.49,72.69,97.18,236.725
85.83,80.00,96.67,242.053
86.44,83.33,96.92,247.372,best
88.77,84.74,96.67,252.694,best
86.83,82.05,97.18,258.033
76.88,76.41,97.05,263.376
82.10,76.28,97.05,268.716
78.82,76.41,97.44,274.049
81.88,78.33,98.21,279.394
79.04,74.10,97.69,284.704
88.49,85.38,97.56,290.029,best
83.55,79.23,97.82,295.424
78.38,76.79,97.82,300.763
85.44,81.54,97.56,306.081
82.32,78.21,97.56,311.413
80.77,79.62,97.56,316.730
84.55,84.36,98.21,322.068
68.37,68.85,98.21,327.394
87.10,82.95,98.46,332.722
86.99,85.51,98.21,338.052,best
80.66,76.92,98.46,343.372
81.82,78.72,98.46,348.682
84.88,81.15,98.46,354.029
85.94,82.56,98.21,359.344
80.88,77.56,98.33,364.672
84.16,80.00,98.46,370.004
79.82,76.03,97.95,375.322
90.05,86.15,98.72,380.640,best
80.21,78.08,98.72,385.963
85.49,82.82,98.08,391.322
89.88,86.54,99.10,396.677,best
87.88,84.10,98.46,402.005
91.27,87.18,98.59,407.337,best
83.32,79.49,98.21,412.684
85.16,80.90,99.10,418.009
81.93,77.69,98.72,423.327
77.65,74.10,97.95,428.652
79.04,75.51,98.59,433.990
93.33,90.26,98.33,439.300,best
83.16,81.28,98.59,444.625
69.82,67.18,98.97,449.969
78.60,72.31,98.59,455.323
81.66,77.95,98.59,460.667
91.05,86.92,98.72,465.991
78.49,74.36,98.72,471.322
77.82,75.77,98.72,476.644
88.33,86.67,98.59,481.967
83.77,79.87,98.72,487.295
87.22,84.49,98.46,492.633
93.33,90.26,98.33,497.962
