################ TRAINING REPORT #################
# Images path   | dataset\fabric\side64\
# Validation    | 0.30
# Height        | 64
# Width         | 64
# Architecure   | 1l_8f_5x5_fc50
# Bacth Size    | 32
# Epochs        | 500
# Eval Criteria | 0.80
##################################################
train,validation,test,min,time
0.00,0.00,17.56,0.000
0.00,0.00,65.01,3.710
18.56,16.64,80.60,6.283,best
36.61,36.96,91.22,8.794,best
52.47,52.42,93.71,11.258,best
64.74,64.48,93.05,13.858,best
71.60,70.77,95.54,16.295,best
74.86,72.35,95.28,18.915,best
79.47,75.49,96.20,21.459,best
83.46,81.78,96.46,24.084,best
87.18,84.80,96.07,26.504,best
89.88,85.98,97.12,29.119,best
92.29,88.07,97.12,31.833,best
94.09,89.78,97.51,34.446,best
95.33,90.56,97.90,36.918,best
96.23,92.14,97.64,39.382,best
96.23,90.69,97.25,41.857
98.03,92.53,97.90,44.446,best
98.37,92.92,98.03,46.958,best
98.88,93.71,98.17,49.456,best
99.49,94.36,97.77,52.080,best
99.72,94.76,98.03,54.671,best
99.89,94.89,98.30,57.105,best
99.83,94.76,98.17,59.365
99.94,95.02,98.43,61.993,best
99.89,95.02,98.43,64.423
99.89,95.41,98.03,66.742,best
100.00,95.54,98.03,69.288,best
99.89,95.67,97.77,71.820,best
100.00,95.28,98.43,74.153
100.00,95.54,98.43,76.586
100.00,95.54,98.30,79.148
100.00,95.94,98.43,81.591,best
100.00,95.81,98.43,84.105
100.00,95.81,98.43,86.660
100.00,96.07,98.17,89.073,best
100.00,96.59,98.43,91.584,best
100.00,96.20,98.30,93.923
100.00,96.20,98.43,96.364
100.00,96.33,98.30,98.943
100.00,96.33,97.90,101.429
100.00,96.46,98.56,104.001
100.00,96.46,98.17,106.513
100.00,96.59,97.90,108.889
100.00,96.20,98.30,111.500
100.00,96.59,98.30,114.012
100.00,96.85,98.43,116.363,best
100.00,96.59,98.43,118.859
100.00,96.33,98.43,121.730
100.00,96.20,98.30,124.841
100.00,96.59,98.30,127.455
100.00,96.59,98.43,130.032
100.00,96.59,98.03,132.593
100.00,96.72,98.17,135.102
100.00,96.85,98.03,137.583
100.00,96.85,98.43,140.498
100.00,96.46,98.56,142.900
100.00,96.85,98.43,145.450
