################ TRAINING REPORT #################
# Images path   | dataset\parking\pklot\subset_of_mypklot\
# Validation    | 0.30
# Height        | 64
# Width         | 64
# Architecure   | mycifar
# Bacth Size    | 32
# Epochs        | 500
# Eval Criteria | 0.80
##################################################
train,validation,test,min,time
0.00,0.00,49.52,0.000
99.57,81.94,91.57,37.270,best
99.96,84.10,93.06,72.719,best
99.92,84.77,93.44,107.957,best
99.96,81.37,92.00,143.120
100.00,84.10,92.77,178.362
100.00,84.43,93.15,213.954
99.98,82.14,93.25,249.346
100.00,86.78,93.53,284.776,best
100.00,83.38,92.10,320.421
100.00,87.88,95.21,355.704,best
100.00,84.58,92.77,391.279
99.98,87.45,94.30,426.601
100.00,84.43,92.15,462.218
100.00,80.22,88.27,497.267
100.00,88.17,94.49,532.306,best
100.00,85.68,92.91,567.580
100.00,87.98,94.92,602.696
100.00,89.22,95.21,637.887,best
100.00,87.45,93.73,673.103
100.00,84.91,93.53,708.214
99.98,87.02,94.25,743.627
100.00,87.12,94.54,778.961
100.00,86.06,92.77,814.214
100.00,85.68,93.73,849.421
100.00,87.74,95.35,884.893
99.98,84.34,93.20,920.223
99.94,84.87,92.48,955.683
100.00,87.40,94.68,990.993
100.00,89.22,95.21,990.993
