################ TRAINING REPORT #################
# Images path   | dataset\parking\pklot\subset_of_mypklot\
# Validation    | 0.30
# Height        | 64
# Width         | 64
# Architecure   | mycifar
# Bacth Size    | 8
# Epochs        | 500
# Eval Criteria | 0.80
##################################################
train,validation,test,min,time
0.00,0.00,54.26,0.000
99.73,87.79,91.52,62.638,best
100.00,85.63,90.33,123.545
99.94,79.55,87.84,185.944
99.86,90.09,92.29,247.822,best
99.98,87.16,93.77,309.812
100.00,88.75,93.63,371.652
99.57,79.60,83.76,433.165
99.96,84.96,90.13,494.750
99.98,86.69,93.58,556.156
99.79,87.69,92.34,617.913
100.00,90.71,92.48,679.227,best
99.96,88.17,93.25,740.535
99.96,88.55,93.68,802.131
100.00,86.11,92.48,863.872
100.00,90.13,93.20,925.093
100.00,85.78,91.33,986.314
99.94,88.51,93.73,1048.096
100.00,90.42,92.91,1110.259
99.98,89.37,93.20,1172.611
100.00,88.75,93.06,1234.189
100.00,84.87,90.85,1296.106
100.00,90.71,92.48,1296.106
