################ TRAINING REPORT #################
# Images path   | dataset\parking\pklot\subset_of_mypklot\
# Validation    | 0.30
# Height        | 64
# Width         | 64
# Architecure   | mycifar
# Bacth Size    | 16
# Epochs        | 500
# Eval Criteria | 0.80
##################################################
train,validation,test,min,time
0.00,0.00,46.89,0.000
99.84,83.00,92.24,45.505,best
99.77,83.96,91.95,89.504,best
100.00,86.25,91.91,133.303,best
99.90,82.52,90.90,177.335
99.57,83.14,89.70,221.340
100.00,87.31,93.87,265.079,best
100.00,87.12,94.44,308.826
100.00,88.55,94.30,352.586,best
100.00,87.40,93.87,396.286
100.00,90.28,95.02,440.165,best
100.00,86.54,93.44,483.981
100.00,88.51,94.92,527.978
100.00,88.22,94.88,571.258
99.90,89.32,95.21,614.477
100.00,87.69,94.64,657.704
99.96,86.83,91.52,700.843
100.00,88.89,93.77,743.816
100.00,90.90,96.50,787.099,best
100.00,91.09,96.41,830.188,best
100.00,88.31,94.83,873.394
100.00,88.41,94.73,916.508
100.00,88.98,94.35,959.598
99.90,88.27,93.58,1002.663
100.00,88.22,92.53,1045.842
100.00,90.52,94.73,1088.936
100.00,88.84,94.83,1132.140
99.71,89.99,94.30,1175.338
100.00,87.21,92.96,1218.541
100.00,87.50,92.48,1261.597
100.00,91.09,96.41,1261.597
