################ TRAINING REPORT #################
# Images path   | dataset\parking\pklot\subset_of_mypklot\
# Validation    | 0.30
# Height        | 64
# Width         | 64
# Architecure   | cifar10
# Bacth Size    | 96
# Epochs        | 500
# Eval Criteria | 0.80
##################################################
train,validation,test,min,time
0.00,0.00,48.85,0.000
99.98,86.49,92.19,26.038,best
99.82,81.85,89.37,49.927
99.92,87.64,91.48,74.128,best
100.00,83.43,90.33,98.315
100.00,86.78,93.25,122.430
99.98,86.21,92.62,146.464
100.00,84.43,91.91,170.569
99.98,86.06,93.58,194.515
99.98,87.84,93.34,218.593,best
100.00,84.58,91.57,242.672
100.00,87.26,94.06,266.835
100.00,86.35,93.82,290.892
100.00,87.07,94.25,314.731
99.98,81.42,89.32,338.551
100.00,86.78,93.68,362.419
99.98,87.36,94.11,386.307
100.00,86.83,93.34,410.183
100.00,86.78,94.16,434.159
100.00,88.41,94.35,458.145,best
100.00,87.93,93.15,481.999
100.00,89.99,95.55,505.846,best
100.00,89.75,95.02,529.819
99.98,88.79,93.97,553.661
100.00,89.13,94.59,577.510
100.00,89.18,94.35,601.579
99.98,89.51,94.73,625.373
100.00,87.74,93.68,649.107
100.00,89.22,95.31,672.851
100.00,88.75,93.92,696.497
100.00,88.22,94.20,720.168
100.00,87.64,93.53,743.893
100.00,89.99,95.55,743.893
