################ TRAINING REPORT #################
# Images path   | dataset\parking\pklot\subset_of_mypklot\
# Validation    | 0.30
# Height        | 64
# Width         | 64
# Architecure   | mycifar
# Bacth Size    | 16
# Epochs        | 500
# Eval Criteria | 0.80
##################################################
train,validation,test,min,time
0.00,0.00,47.46,0.000
99.92,85.97,93.20,44.655,best
100.00,86.49,94.01,87.930,best
99.96,87.36,93.82,131.200,best
99.75,86.16,92.19,174.431
99.98,88.46,95.11,217.521,best
99.98,88.51,93.53,260.852,best
99.98,89.08,93.92,304.173,best
100.00,89.22,94.73,347.721,best
100.00,89.03,95.07,390.852
100.00,88.03,93.92,433.956
99.92,89.94,94.40,477.136,best
100.00,90.23,95.07,520.326,best
99.92,90.18,95.02,563.598
100.00,90.28,94.64,606.713,best
99.98,88.17,93.77,649.970
99.96,88.46,94.16,693.049
100.00,88.98,94.59,736.327
100.00,90.33,95.07,779.545,best
99.98,88.89,94.97,823.038
99.94,89.18,94.06,866.142
100.00,89.75,94.83,909.340
100.00,90.61,93.97,952.459,best
100.00,89.51,94.06,996.643
100.00,86.45,93.20,1040.931
99.98,90.42,94.44,1085.330
100.00,88.84,94.40,1129.683
100.00,88.94,93.92,1174.048
99.90,89.42,94.06,1218.647
100.00,86.06,93.10,1262.467
100.00,90.04,94.30,1306.003
100.00,90.23,95.16,1349.517
100.00,90.18,94.78,1393.180
100.00,90.61,93.97,1393.180
