################ TRAINING REPORT #################
# Images path   | dataset\parking\pklot\subset_of_mypklot\
# Validation    | 0.30
# Height        | 64
# Width         | 64
# Architecure   | mycifar
# Bacth Size    | 32
# Epochs        | 500
# Eval Criteria | 0.80
##################################################
train,validation,test,min,time
0.00,0.00,50.77,0.000
99.79,85.54,92.86,36.108,best
99.92,82.76,91.57,70.924
99.96,85.92,93.10,105.515,best
100.00,84.05,93.30,140.461
100.00,85.06,93.25,175.099
100.00,86.93,93.92,209.593,best
99.98,87.02,94.01,244.087,best
100.00,88.41,95.07,278.670,best
100.00,87.07,94.97,313.530
100.00,90.61,95.88,348.126,best
99.98,87.93,95.59,383.034
100.00,87.31,94.83,417.495
100.00,89.75,95.69,452.026
100.00,88.03,95.45,486.538
99.98,88.03,94.59,521.064
99.98,88.36,95.40,555.691
99.96,89.61,95.16,590.203
99.98,88.22,94.92,624.740
100.00,86.02,94.01,660.184
99.90,85.34,92.91,695.185
100.00,90.61,95.88,695.185
