################ TRAINING REPORT #################
# Images path   | dataset\parking\pklot\subset_of_mypklot\
# Validation    | 0.30
# Height        | 64
# Width         | 64
# Architecure   | mycifar
# Bacth Size    | 32
# Epochs        | 500
# Eval Criteria | 0.80
##################################################
train,validation,test,min,time
0.00,0.00,50.81,0.000
99.51,79.17,88.98,36.914,best
99.94,84.82,92.29,73.069,best
99.98,83.29,91.91,108.665
99.90,87.31,93.58,144.028,best
100.00,88.55,95.26,179.368,best
99.96,87.93,93.73,214.791
99.92,86.35,93.53,250.117
100.00,89.13,95.07,285.544,best
100.00,85.63,93.53,320.795
99.98,85.73,93.34,355.846
99.98,87.60,94.35,391.003
100.00,89.46,94.68,426.112,best
100.00,89.03,94.73,461.368
99.98,85.73,93.25,496.394
100.00,87.40,94.30,531.578
99.96,86.40,93.53,566.665
99.98,88.03,93.49,601.749
100.00,86.97,94.16,636.878
100.00,86.35,93.30,671.389
100.00,89.37,95.45,705.935
99.98,87.55,94.83,740.534
100.00,88.89,95.11,775.181
100.00,89.46,94.68,775.181
