train,validation,time
0.00,0.00,0.00
99.86,94.80,46.59,best
99.68,95.19,91.04,best
99.88,95.73,135.59,best
99.84,95.76,180.13,best
99.96,96.72,224.60,best
99.90,95.42,269.42
99.88,95.96,313.77
99.89,95.50,358.15
99.84,95.59,402.61
99.97,96.59,447.13
100.00,97.82,491.51,best
100.00,97.29,534.67
99.96,96.98,577.27
99.99,97.20,619.60
99.98,97.10,662.03
99.97,97.36,704.59
99.98,97.51,747.00
100.00,97.19,789.91
100.00,97.87,832.34,best
100.00,97.65,875.20
99.96,97.14,917.62
100.00,97.63,960.20
99.99,97.35,1002.74
99.97,97.67,1045.26
100.00,97.84,1087.72
99.99,97.42,1130.11
100.00,97.73,1172.72
99.99,97.44,1215.28
100.00,97.42,1257.84
99.95,97.18,1300.21
100.00,97.87,1300.21
