train,validation,time
0.00,0.00,0.00
99.68,95.41,74.89,best
99.91,97.12,148.28,best
99.92,96.09,221.35
99.94,97.09,295.01
99.96,96.95,368.55
99.82,96.39,442.77
99.96,97.31,515.72,best
99.98,97.25,588.84
99.99,97.36,661.58,best
99.98,97.57,735.61,best
99.93,97.40,809.00
99.92,97.07,883.12
99.72,96.47,957.14
99.91,97.14,1031.20
99.89,96.99,1105.11
99.87,97.19,1178.72
99.85,97.66,1252.57,best
99.86,96.51,1326.47
99.84,96.25,1399.93
99.85,96.86,1474.15
99.97,97.80,1548.34,best
99.89,96.90,1622.14
99.46,96.25,1695.27
99.73,97.34,1768.66
99.81,96.40,1842.15
99.73,96.28,1915.34
99.65,95.43,1988.50
99.44,95.77,2062.30
99.58,96.64,2136.23
99.88,96.89,2209.65
99.74,96.50,2282.88
99.63,96.26,2355.60
99.97,97.80,2355.60
