train,validation,time
0.00,0.00,0.00
99.71,95.41,62.46,best
99.91,95.58,122.86,best
99.94,97.01,183.35,best
99.93,96.47,243.80
99.99,97.28,304.42,best
99.96,97.03,365.15
99.81,97.01,425.80
100.00,97.88,486.48,best
99.92,97.38,546.49
99.98,97.43,605.10
99.99,97.75,663.69
99.99,97.85,723.02
99.76,96.41,782.03
99.97,97.53,840.80
99.94,97.60,899.84
99.97,98.02,958.67,best
99.84,97.53,1018.73
99.97,97.78,1077.75
100.00,98.04,1136.87,best
99.91,97.82,1195.51
99.88,97.59,1254.47
99.93,97.36,1313.29
99.97,97.16,1372.31
99.87,97.44,1431.26
99.86,97.42,1489.67
99.54,96.96,1548.48
99.93,97.61,1607.04
99.93,97.58,1666.13
99.96,97.42,1724.88
99.87,96.74,1783.79
100.00,98.04,1783.79
