################ TRAINING REPORT #################
# Images path   | ./dataset/fabric/side64/training/
# Validation    | 0.30
# Images size   | (64,64)
# Architecure   | fabric
# Bacth Size    | 64
# Snap/Epoch    | 5
# Max epochs    | 10000
# Eval Criteria | 0.75
##################################################
train,trainNC,val,valNC,test,testNC,time,new_best
0.00,13.67,0.00,12.27,0.00,13.85,0.00,True
0.00,17.25,0.00,15.15,0.00,18.18,3.42,True
0.00,24.06,0.00,22.80,0.00,25.54,5.69,True
0.00,29.50,0.00,29.44,0.00,27.71,8.10,True
0.00,31.05,0.00,30.59,0.00,27.71,10.43,False
0.00,37.35,0.00,37.23,0.00,34.20,12.77,True
0.00,44.59,0.00,42.14,0.00,38.53,15.10,True
0.00,50.03,0.00,49.49,0.00,43.29,17.46,True
0.00,50.96,0.00,49.78,0.00,46.32,19.86,True
0.00,51.58,0.00,50.65,0.00,47.19,22.24,True
0.00,53.31,0.00,52.67,0.00,47.19,24.65,False
0.00,52.44,0.00,51.23,0.00,44.59,26.91,False
0.00,52.88,0.00,52.53,0.00,44.59,29.20,False
0.00,54.48,0.00,54.55,0.00,44.16,31.50,False
0.00,54.92,0.00,55.99,0.00,45.45,33.98,False
0.00,56.22,0.00,57.29,0.00,46.32,36.36,False
0.00,59.49,0.00,60.32,0.00,50.22,38.75,True
0.00,61.90,0.00,62.05,0.00,52.81,41.05,True
0.00,63.51,0.00,62.34,0.00,54.55,43.33,True
0.00,66.98,0.00,67.53,0.00,58.87,45.63,True
0.00,68.34,0.00,68.25,0.00,59.31,48.06,True
0.00,71.00,0.00,70.27,0.00,63.20,50.57,True
0.00,72.29,0.00,70.42,0.00,65.37,52.92,True
0.00,74.21,0.00,71.86,0.00,67.53,55.40,True
0.12,75.57,0.00,73.16,0.00,67.10,57.75,False
0.12,76.13,0.29,74.17,0.43,70.13,60.04,True
1.18,77.43,1.01,75.32,0.87,71.00,62.46,True
3.15,77.61,1.88,75.18,1.73,73.16,64.77,True
7.17,78.23,6.35,77.06,5.19,74.03,67.06,True
11.19,78.91,11.40,77.78,11.69,75.76,69.44,True
12.80,79.72,12.84,78.35,13.85,77.49,71.89,True
14.78,80.27,14.29,79.08,17.32,77.49,74.37,True
15.89,80.77,14.57,79.65,19.91,77.06,76.69,True
18.06,81.01,15.73,80.95,22.08,77.06,78.90,True
18.86,81.39,17.03,80.95,24.24,77.49,81.15,True
19.98,82.31,17.89,82.25,24.68,77.92,83.49,True
21.21,83.06,19.77,81.67,25.54,77.92,85.66,True
22.82,83.43,21.65,82.97,26.41,78.79,87.93,True
23.69,84.04,22.66,83.26,26.84,78.35,90.22,True
24.06,84.85,23.38,82.68,26.84,81.82,92.50,True
25.11,84.85,24.96,83.69,26.84,80.95,94.65,True
25.97,83.98,26.26,83.26,27.27,83.55,96.94,True
26.16,84.85,26.26,84.42,27.27,82.68,99.22,False
26.59,85.71,26.26,85.28,27.27,83.12,101.54,False
27.03,86.27,26.55,86.15,27.27,84.42,103.82,True
27.09,86.09,26.55,85.86,27.27,83.55,106.07,False
27.52,86.33,27.13,86.15,27.27,84.42,108.31,True
27.52,86.39,27.13,86.15,27.27,86.58,110.50,True
27.64,86.33,27.71,87.01,27.27,86.15,112.76,True
27.83,87.51,28.14,87.73,27.27,85.71,115.14,True
28.08,86.95,28.28,87.01,27.71,85.71,117.39,True
28.26,86.83,28.86,87.88,27.71,88.31,119.56,True
28.63,86.58,29.87,87.88,27.71,87.88,121.79,True
28.94,87.88,30.45,88.17,27.71,86.58,123.96,True
29.00,88.06,30.59,89.47,27.71,87.45,126.16,True
29.81,88.31,30.74,89.18,27.71,86.58,128.46,True
30.30,88.44,30.74,89.03,27.71,87.01,130.55,False
31.79,88.87,31.89,89.47,27.71,87.88,132.86,True
32.16,88.87,32.18,89.47,27.71,87.88,135.18,True
32.59,88.93,33.04,90.04,28.14,87.88,137.42,True
32.71,88.87,33.48,90.04,28.57,87.88,139.66,True
33.46,89.80,34.34,89.47,29.44,88.74,141.89,True
33.58,89.61,34.34,90.04,29.87,89.18,144.17,True
34.01,89.73,34.49,90.48,29.87,88.74,146.49,True
34.38,90.11,34.92,90.48,29.87,89.18,148.74,True
34.76,90.29,35.35,90.19,30.74,89.61,151.02,True
35.25,90.04,35.93,91.05,30.74,90.48,153.30,True
35.37,90.23,36.08,90.91,31.17,90.48,155.43,True
35.56,90.35,36.51,90.76,31.17,91.77,157.72,True
36.05,90.29,36.80,90.76,31.17,91.77,159.98,True
36.73,91.16,37.23,91.77,32.47,91.77,162.23,True
36.67,91.09,37.23,91.49,32.47,91.77,164.63,False
37.35,91.34,37.66,91.20,33.33,91.77,166.80,True
37.60,91.34,37.66,91.77,33.77,92.64,168.95,True
38.03,91.40,38.67,91.63,34.20,92.21,171.17,True
38.03,91.71,38.67,91.34,34.20,92.64,173.48,False
38.34,91.65,38.82,91.77,34.20,92.64,175.58,True
38.78,91.65,39.25,91.49,34.63,93.51,177.86,True
38.96,91.65,39.25,91.34,34.63,93.51,180.06,False
39.15,91.65,39.54,91.49,35.50,93.51,182.35,True
39.46,91.84,39.83,90.91,36.36,93.51,184.51,True
39.39,92.02,39.68,91.49,36.36,93.51,186.79,False
39.58,92.33,40.12,91.05,36.36,93.51,189.04,True
39.76,91.84,39.97,91.49,36.80,93.51,191.34,False
40.38,92.15,40.69,91.49,36.80,93.94,193.51,True
41.06,92.33,41.70,91.34,37.66,93.94,195.76,True
41.50,92.64,41.99,91.77,37.66,93.94,198.08,True
42.18,92.21,42.42,91.92,38.53,94.37,200.33,True
43.35,92.02,43.58,92.78,40.26,94.81,202.63,True
45.15,92.21,45.17,92.35,42.42,94.81,204.82,True
46.32,92.46,45.74,92.35,43.72,94.81,207.04,True
47.62,92.39,47.33,92.35,45.02,94.37,209.23,True
48.42,92.33,47.76,92.35,45.89,94.81,211.37,True
49.10,92.70,48.05,92.35,46.32,95.24,213.57,True
50.46,92.58,49.35,92.50,48.05,94.81,215.74,True
51.39,92.95,50.36,92.64,48.05,94.81,218.03,True
53.18,92.83,50.79,92.93,50.22,95.24,220.22,True
53.93,92.95,51.52,92.93,51.95,94.81,222.55,True
55.10,93.01,52.53,93.07,52.81,95.24,224.86,True
56.40,93.20,54.26,92.78,54.11,94.81,227.13,True
56.96,93.01,55.70,93.07,54.55,95.24,229.43,True
57.70,93.26,56.57,92.64,54.98,94.81,231.69,True
58.94,93.26,56.71,92.78,55.84,95.67,233.99,True
59.49,93.20,57.86,92.93,57.14,95.67,236.16,True
60.61,93.44,58.87,92.64,57.14,95.67,238.41,True
61.53,93.32,59.16,92.50,57.58,95.24,240.54,True
62.03,93.57,60.46,92.64,58.01,95.24,242.84,True
62.59,93.57,61.33,92.78,58.01,95.67,245.11,True
63.39,93.38,62.34,93.22,60.17,95.67,247.30,True
63.57,93.69,62.63,92.78,61.47,95.67,249.44,True
64.13,93.63,63.06,92.78,61.47,95.67,251.70,True
64.44,93.63,63.64,92.78,61.90,95.67,253.99,True
64.87,93.69,63.64,92.64,62.34,95.67,256.33,False
65.80,93.75,64.07,92.93,63.64,95.67,258.59,True
66.23,93.69,64.50,93.22,64.50,95.67,260.81,True
66.42,93.88,64.65,93.22,64.50,96.10,263.06,True
66.67,93.75,65.08,93.22,65.37,96.10,265.41,True
66.91,93.82,64.94,93.22,65.37,96.10,267.60,False
67.10,93.88,65.95,93.22,65.37,96.10,269.96,True
67.29,93.94,66.09,93.07,66.23,96.10,272.26,True
67.47,93.82,66.52,93.36,66.67,96.10,274.48,True
67.90,93.88,66.67,93.36,67.97,96.10,276.70,True
67.84,93.75,67.24,93.22,67.53,96.10,278.91,True
68.15,93.75,67.10,93.65,67.97,96.10,281.19,False
68.46,94.00,67.68,93.51,67.97,96.10,283.50,True
68.52,94.00,67.82,93.07,67.97,96.10,285.65,True
68.83,94.00,68.25,93.22,67.97,96.10,287.96,True
68.89,93.94,67.97,93.36,67.97,96.10,290.32,False
68.89,93.69,68.11,94.23,67.97,96.54,292.49,True
68.95,93.63,68.25,94.23,67.97,96.54,294.70,False
69.26,94.43,68.69,93.94,68.40,96.54,296.96,True
69.20,94.19,68.69,93.65,68.40,96.54,299.22,False
69.20,94.12,68.69,93.80,68.40,96.54,301.49,False
69.20,94.62,68.98,93.65,68.40,96.97,303.68,True
69.33,94.74,68.83,93.65,68.40,96.97,305.99,False
69.39,94.25,68.83,93.94,68.40,96.54,308.31,False
69.51,94.74,68.98,94.08,68.40,96.54,310.58,False
69.51,94.87,69.12,93.80,68.40,96.97,312.91,True
69.51,94.81,68.98,94.23,68.40,96.97,315.21,False
69.70,94.87,69.26,93.80,68.83,96.97,317.42,True
69.76,94.68,69.26,94.52,68.83,96.97,319.67,False
69.70,94.74,69.41,94.52,68.83,96.97,321.95,True
69.82,94.99,69.41,94.37,68.83,96.97,324.16,False
70.01,94.99,69.41,94.66,68.83,96.54,326.43,False
69.88,95.05,69.41,94.37,69.26,96.97,328.63,False
70.13,95.05,69.41,94.81,68.83,96.54,330.91,False
70.13,95.30,69.55,94.66,69.26,96.97,333.11,True
70.19,95.11,69.55,94.37,69.70,97.40,335.38,True
70.25,95.24,69.55,94.66,69.70,97.40,337.61,False
70.44,95.49,69.70,94.52,69.70,97.40,339.82,True
70.62,95.24,69.99,94.52,69.70,97.40,342.03,True
70.50,95.42,69.99,94.52,69.70,96.54,344.29,False
70.56,95.61,69.99,94.52,69.70,96.97,346.51,False
70.62,95.61,69.99,94.52,69.70,96.54,348.76,False
70.56,95.61,69.70,94.52,69.70,96.54,351.08,False
70.62,95.86,70.13,94.66,69.70,97.40,353.28,True
70.69,95.79,70.13,94.66,69.70,97.40,355.50,False
70.87,95.98,70.13,94.66,69.70,97.40,357.80,False
70.87,96.04,70.27,94.52,69.70,97.40,360.07,True
70.93,96.29,70.27,94.81,69.70,97.40,362.38,False
71.06,96.23,70.42,95.09,69.70,97.40,364.68,True
71.30,96.17,70.85,94.52,69.70,96.97,366.88,True
71.37,96.10,70.85,94.81,69.70,96.97,369.12,False
71.43,96.41,70.85,94.81,69.70,97.40,371.41,False
71.43,96.35,70.85,94.66,69.70,96.97,373.64,False
71.55,96.35,71.00,95.09,69.70,96.97,375.86,True
71.55,96.66,71.00,95.24,69.70,97.40,378.09,False
71.61,96.72,71.00,95.09,70.13,96.97,380.39,False
71.80,96.72,71.00,94.95,70.13,96.97,382.72,False
71.86,96.41,71.43,94.95,70.13,97.40,384.95,True
72.11,96.35,71.86,94.95,70.56,97.40,387.21,True
72.29,96.66,71.86,95.09,71.00,97.40,389.31,False
72.36,96.47,72.01,95.09,70.56,97.40,391.55,True
72.29,96.78,72.15,95.09,71.00,97.40,393.72,True
72.29,96.91,72.15,95.24,71.00,97.40,395.91,False
72.36,97.03,72.44,95.38,71.00,97.40,398.11,True
72.54,96.97,72.44,95.24,71.00,97.40,400.37,False
72.73,97.03,72.44,95.96,71.00,97.40,402.61,False
72.60,96.97,72.44,95.24,71.00,97.40,404.87,False
72.85,97.03,72.73,95.24,71.00,97.40,407.11,True
72.97,97.46,73.02,95.38,71.43,97.40,409.32,True
73.16,97.34,72.73,95.82,71.00,97.40,411.58,False
73.16,97.40,73.02,95.38,71.00,97.40,413.82,False
73.53,97.53,73.30,95.53,71.43,97.40,416.07,True
73.59,97.46,73.16,96.10,71.00,97.40,418.31,False
73.96,97.59,73.59,95.96,71.43,97.40,420.53,True
73.96,97.65,73.74,95.38,71.43,97.40,422.84,True
74.03,97.77,73.74,95.82,71.43,97.40,425.08,False
74.52,97.59,73.74,96.39,71.86,97.40,427.24,False
74.64,97.77,73.88,95.67,71.43,97.40,429.51,True
74.95,97.90,74.17,95.96,72.73,97.40,431.78,True
74.71,97.90,74.03,96.54,71.86,97.40,434.07,False
75.08,97.96,74.31,96.39,72.73,97.40,436.39,True
75.20,97.96,74.46,96.10,72.73,97.40,438.76,True
75.39,97.90,74.46,96.25,73.16,97.40,441.00,False
75.82,97.96,74.60,96.54,73.16,97.40,443.34,True
75.94,98.08,74.75,96.68,73.16,97.40,445.53,True
76.19,97.90,75.32,96.54,73.59,97.40,448.04,True
76.31,97.90,75.18,96.39,74.03,97.40,450.41,False
76.38,98.08,76.19,96.54,74.03,97.40,452.69,True
76.75,98.02,76.19,96.54,74.03,97.40,454.93,False
76.50,98.08,76.19,96.83,74.03,97.84,457.29,True
76.62,98.08,76.33,96.83,74.03,97.84,459.63,True
76.75,98.14,76.62,96.54,74.03,97.84,461.92,True
77.18,98.14,76.77,96.68,74.03,97.40,464.16,True
77.55,98.21,76.91,96.97,74.03,97.40,466.46,True
77.61,98.21,76.77,96.83,74.46,97.84,468.74,False
77.86,98.21,76.91,96.54,74.46,97.84,470.99,False
77.74,98.45,76.91,96.83,74.89,97.84,473.23,False
77.92,98.39,77.20,96.97,74.46,97.84,475.56,True
78.48,98.33,77.63,96.97,75.32,97.40,477.90,True
78.60,98.39,77.78,96.83,75.76,97.84,480.15,True
78.73,98.39,78.21,96.83,75.76,97.84,482.43,True
79.41,98.33,78.35,96.83,76.62,97.40,484.77,True
79.28,98.58,78.93,96.83,77.06,97.84,487.00,True
79.34,98.52,78.79,96.97,77.49,97.84,489.30,False
79.84,98.70,78.79,96.83,77.92,97.84,491.54,False
80.33,98.58,79.08,96.83,77.92,97.84,493.76,True
80.46,98.64,79.37,97.11,79.22,97.84,496.08,True
80.58,98.64,79.37,96.83,79.22,97.84,498.38,False
80.89,98.70,79.51,97.11,79.65,97.84,500.67,True
81.08,98.70,79.80,96.97,79.22,97.84,502.91,True
81.26,98.70,79.65,96.97,79.65,97.84,505.22,False
81.45,98.70,80.09,96.97,79.22,97.40,507.42,True
81.63,98.70,80.23,96.97,79.65,97.84,509.72,True
81.94,98.70,80.52,96.83,80.09,97.84,512.08,True
81.88,98.76,80.09,96.97,80.52,98.27,514.36,True
82.07,98.76,80.52,96.97,80.52,98.27,516.56,False
82.44,98.76,80.81,96.97,80.95,98.27,518.77,True
82.56,98.76,81.10,96.97,81.39,98.27,520.99,True
82.68,98.64,80.81,97.26,80.95,98.27,523.28,False
82.93,98.76,80.81,97.26,81.39,97.84,525.58,False
83.12,98.82,81.10,97.11,80.95,98.27,527.84,False
83.18,98.82,81.24,97.26,81.39,98.27,530.05,True
83.49,98.76,81.39,97.26,80.95,97.84,532.33,True
83.49,98.89,81.53,97.11,80.95,98.27,534.50,True
83.86,98.89,81.39,97.26,82.25,98.27,536.78,False
84.23,98.89,81.67,96.97,81.39,98.27,539.03,True
84.48,98.82,81.53,97.11,81.39,98.27,541.37,False
84.72,98.89,81.67,96.97,81.82,97.84,543.58,False
85.03,98.95,82.25,97.26,82.25,98.27,545.74,True
85.16,98.95,82.11,97.11,82.25,98.27,548.00,False
85.22,99.01,82.25,96.97,82.25,97.84,550.33,False
85.47,99.13,82.40,97.11,83.55,97.84,552.59,True
85.84,99.01,82.68,97.26,83.12,98.27,554.91,True
86.09,99.07,82.97,97.26,83.12,98.27,557.09,True
86.39,99.07,82.83,97.26,83.12,98.27,559.50,False
86.70,99.13,82.83,97.11,83.98,98.27,561.80,False
86.70,99.07,82.97,97.26,83.55,98.27,564.09,False
87.01,99.07,82.83,96.97,83.55,98.27,566.27,False
87.32,99.20,82.83,96.97,84.42,98.27,568.55,False
87.69,99.13,82.83,96.97,84.85,98.27,570.84,False
87.76,99.13,83.12,97.11,84.42,98.27,573.03,True
87.69,99.13,83.41,97.26,84.42,98.27,575.26,True
88.13,99.20,83.26,97.11,84.42,98.27,577.60,False
88.31,99.26,83.26,97.40,84.42,98.27,579.98,False
88.37,99.20,83.69,97.26,84.85,98.27,582.34,True
88.19,99.13,83.98,97.26,85.28,98.27,584.65,True
88.50,99.26,83.98,97.26,85.28,98.27,587.02,False
88.81,99.26,83.84,97.26,86.15,98.27,589.23,False
88.68,99.26,83.84,97.40,85.71,98.27,591.50,False
88.99,99.26,84.27,97.26,85.71,98.27,593.69,True
88.99,99.26,84.56,97.40,86.58,98.27,595.97,True
89.05,99.26,84.56,97.40,86.15,98.27,598.23,False
89.18,99.26,84.85,97.55,87.01,98.27,600.53,True
89.49,99.32,84.70,97.55,86.58,98.27,602.80,False
89.61,99.26,84.99,97.55,87.01,98.27,605.13,True
89.92,99.32,85.28,97.26,87.45,97.84,607.42,True
90.04,99.32,85.43,97.26,87.01,98.27,609.60,True
90.04,99.32,85.71,97.55,87.45,97.84,611.84,True
90.41,99.32,85.71,97.40,87.45,97.84,614.07,False
90.17,99.38,85.71,97.55,87.45,98.27,616.32,False
90.54,99.32,85.86,97.55,87.45,98.27,618.59,True
90.35,99.38,85.86,97.55,87.45,98.27,620.80,False
90.91,99.32,86.15,97.69,87.45,98.27,623.15,True
90.91,99.38,86.87,97.69,87.45,98.27,625.46,True
90.91,99.38,86.87,97.69,87.88,97.84,627.71,False
91.28,99.38,86.58,97.69,88.74,97.40,629.97,False
90.97,99.38,87.30,97.69,87.45,97.84,632.21,True
91.22,99.38,87.16,97.84,88.74,97.84,634.49,False
91.22,99.38,87.45,97.69,87.88,98.27,636.79,True
91.40,99.32,87.16,98.12,89.18,97.84,638.99,False
91.22,99.38,87.45,97.69,88.31,97.84,641.23,False
91.40,99.38,87.30,97.84,89.18,97.84,643.38,False
91.59,99.38,87.45,98.12,89.18,97.84,645.54,False
91.96,99.38,87.88,97.84,89.61,97.84,647.78,True
91.84,99.38,87.73,98.12,89.18,97.84,650.07,False
92.08,99.44,87.73,98.12,89.18,97.84,652.32,False
91.90,99.44,88.02,98.12,88.74,97.84,654.62,True
92.27,99.44,88.60,98.12,89.61,97.84,656.83,True
92.21,99.51,88.74,98.12,90.04,98.27,659.22,True
92.33,99.51,88.74,98.12,89.61,98.27,661.55,False
92.52,99.44,88.31,98.12,90.04,97.84,663.79,False
92.64,99.44,88.89,97.98,89.61,97.84,666.01,True
92.83,99.44,89.18,98.12,90.04,97.84,668.41,True
92.58,99.51,88.60,97.84,89.61,97.84,670.75,False
92.76,99.51,89.32,98.12,89.61,97.84,673.05,True
92.89,99.44,89.18,98.12,89.61,97.84,675.32,False
93.26,99.51,89.47,98.27,90.04,97.84,677.55,True
93.38,99.51,89.61,98.12,90.04,97.84,679.89,True
93.38,99.51,89.47,98.12,90.48,97.84,682.09,False
93.51,99.51,89.75,98.12,90.04,98.27,684.27,True
93.51,99.51,89.75,98.27,90.04,97.84,686.63,False
93.51,99.57,89.75,97.98,90.48,97.84,688.98,False
93.69,99.57,89.90,98.27,90.91,97.84,691.66,True
93.82,99.57,90.04,98.12,90.48,97.84,693.91,True
93.88,99.57,90.04,98.12,90.48,97.84,696.29,False
94.00,99.57,90.04,98.12,90.48,97.84,698.50,False
93.82,99.57,90.19,98.41,90.48,97.84,700.73,True
94.12,99.57,90.48,98.27,90.48,97.84,702.99,True
94.25,99.57,90.19,98.41,90.91,97.84,705.30,False
94.43,99.57,90.62,98.12,90.48,97.40,707.58,True
94.31,99.57,90.48,98.41,90.91,98.27,709.86,False
94.50,99.57,90.62,98.41,90.48,97.84,712.08,False
94.50,99.57,90.76,98.41,90.91,97.84,714.41,True
94.56,99.57,90.62,98.27,90.91,97.40,716.64,False
94.50,99.57,90.76,98.41,90.91,97.40,718.89,False
94.43,99.57,90.76,98.41,90.91,97.40,721.19,False
94.62,99.69,91.34,98.41,90.91,97.40,723.50,True
94.74,99.69,90.91,98.41,90.91,97.40,725.85,False
95.05,99.69,91.05,98.70,91.34,97.84,728.10,False
94.99,99.69,91.49,98.56,90.91,97.40,730.40,True
95.24,99.69,91.34,98.70,90.91,97.84,732.69,False
95.18,99.69,91.20,98.56,90.91,97.84,734.87,False
95.36,99.69,91.63,98.56,91.34,97.40,737.04,True
95.36,99.75,91.34,98.70,91.34,97.84,739.24,False
95.49,99.69,91.49,98.56,90.91,97.40,741.46,False
95.86,99.69,91.49,98.70,91.34,97.84,743.70,False
95.92,99.69,91.34,98.70,91.34,97.84,746.09,False
95.79,99.69,91.63,98.70,91.34,97.84,748.39,False
95.86,99.69,92.06,98.56,91.77,97.40,750.65,True
95.92,99.81,91.63,98.85,91.34,97.84,753.01,False
96.10,99.75,91.49,98.85,91.34,97.40,755.27,False
96.10,99.69,92.06,98.70,91.77,97.40,757.48,False
96.23,99.81,91.77,98.85,91.34,97.40,759.72,False
96.23,99.69,92.06,98.70,91.34,97.40,762.03,False
96.47,99.88,92.06,98.70,91.34,97.84,764.31,False
96.41,99.88,91.77,98.85,91.34,97.84,766.51,False
96.47,99.88,92.21,98.70,91.77,97.40,768.78,True
96.60,99.88,92.21,98.85,91.77,97.40,770.99,False
96.60,99.81,92.21,98.70,91.77,97.40,773.26,False
96.66,99.88,92.21,98.85,91.77,97.40,775.48,False
97.03,99.88,92.35,98.85,91.34,97.84,777.79,True
97.16,99.88,92.35,98.85,91.34,97.84,780.12,False
97.22,99.88,92.21,98.85,91.77,97.84,782.30,False
97.34,99.88,92.35,98.85,91.77,97.84,784.52,False
97.16,99.88,92.64,98.99,91.77,97.40,786.80,True
97.22,99.88,92.50,98.85,91.77,97.40,789.06,False
97.28,99.94,92.50,98.85,91.77,97.84,791.28,False
97.46,99.88,92.64,98.70,91.77,97.40,793.52,False
97.34,99.94,92.64,98.85,91.77,97.84,795.77,False
97.40,99.94,92.50,98.85,91.77,97.84,798.12,False
97.46,99.94,92.50,98.85,91.77,97.84,800.39,False
97.59,99.88,92.93,98.85,91.77,97.40,802.67,True
97.34,100.00,92.64,98.85,91.77,97.84,804.99,False
97.59,99.94,93.22,98.85,91.77,97.40,807.17,True
97.59,99.94,93.07,99.13,91.77,97.40,809.48,False
97.59,100.00,92.78,98.99,91.77,97.40,811.81,False
97.59,99.94,93.36,98.99,91.77,97.84,814.04,True
97.59,100.00,93.07,98.85,91.77,97.84,816.62,False
97.59,100.00,93.22,98.99,91.77,97.84,818.91,False
97.77,99.94,93.65,99.13,92.21,97.40,821.38,True
97.71,100.00,93.22,98.85,92.21,97.84,823.78,False
97.71,100.00,93.51,98.85,91.77,97.40,826.09,False
97.65,100.00,93.36,98.85,92.21,97.84,828.25,False
97.77,100.00,93.80,99.13,92.21,97.40,830.76,True
97.65,100.00,92.93,98.70,92.64,97.84,833.27,False
97.77,100.00,93.51,98.99,91.77,97.40,835.69,False
97.84,100.00,93.51,98.99,92.21,97.40,838.04,False
97.90,99.94,93.80,98.99,92.64,97.40,840.26,False
97.96,100.00,93.80,98.99,92.21,97.40,842.66,False
97.96,100.00,93.65,98.99,92.21,97.40,845.07,False
97.90,100.00,93.80,98.99,92.64,97.40,847.49,False
98.39,99.94,93.80,99.28,92.64,97.84,849.79,False
98.45,99.94,93.94,99.13,92.64,97.84,852.07,True
98.08,100.00,94.08,98.85,92.64,97.40,854.31,True
98.21,100.00,93.80,98.99,92.21,97.40,856.62,False
98.27,100.00,93.80,98.99,92.21,97.40,858.97,False
98.39,100.00,93.80,99.13,92.64,97.40,861.26,False
98.45,100.00,93.80,99.28,92.21,97.40,863.61,False
98.33,100.00,94.08,98.85,92.64,97.84,865.78,False
98.33,100.00,93.80,99.28,93.07,97.40,868.13,False
98.52,100.00,93.80,99.28,92.64,97.40,870.42,False
98.45,100.00,93.94,99.13,92.64,97.84,872.59,False
98.45,100.00,93.80,99.42,92.64,97.84,874.94,False
98.45,100.00,94.37,99.13,92.64,97.84,877.24,True
98.45,100.00,94.37,99.13,92.64,97.84,879.47,False
98.52,100.00,94.52,99.13,93.07,97.84,881.97,True
98.58,100.00,94.37,99.13,93.07,97.84,884.23,False
98.58,100.00,94.37,99.13,93.07,97.84,886.47,False
98.58,100.00,94.23,99.28,93.07,98.27,888.86,False
98.58,100.00,94.23,99.42,92.64,98.27,891.19,False
98.58,100.00,94.52,99.13,93.07,97.84,893.62,False
98.64,100.00,94.66,99.42,93.07,97.84,895.86,True
98.64,100.00,94.37,99.42,93.07,98.27,898.24,False
98.70,100.00,94.52,99.42,93.07,97.84,900.45,False
98.70,100.00,94.81,98.99,93.07,97.84,902.74,True
98.70,100.00,94.66,99.13,93.07,97.84,905.03,False
98.64,100.00,94.52,99.42,93.07,97.84,907.38,False
98.89,100.00,94.52,99.42,93.94,98.27,909.54,False
98.76,100.00,94.95,99.42,93.94,97.84,911.87,True
98.70,100.00,94.66,99.13,93.07,97.84,914.10,False
98.82,100.00,95.24,99.42,93.07,98.27,916.44,True
98.82,100.00,94.95,99.42,93.94,98.27,918.72,False
98.82,100.00,94.95,99.42,93.07,98.27,921.02,False
98.76,100.00,94.95,99.42,93.07,98.27,923.26,False
98.82,100.00,94.95,99.42,93.07,98.27,925.49,False
98.76,100.00,95.09,99.13,93.07,98.27,927.84,False
98.89,100.00,95.24,99.28,93.07,98.27,930.06,False
98.76,100.00,95.09,99.42,93.07,98.27,932.43,False
98.95,100.00,95.09,99.28,93.51,98.27,934.79,False
99.01,100.00,95.24,99.42,93.94,98.27,937.07,False
98.95,100.00,95.38,99.42,93.94,98.27,939.22,True
98.89,100.00,95.38,99.28,93.07,98.27,941.40,False
99.07,100.00,95.38,99.42,93.94,97.84,943.65,False
98.95,100.00,95.38,99.13,93.94,97.84,945.99,False
98.95,100.00,95.53,99.42,93.94,98.27,948.20,True
99.07,100.00,95.53,99.42,93.94,98.27,950.51,False
99.01,100.00,95.67,99.42,93.94,98.27,952.81,True
99.01,100.00,95.53,99.42,93.94,98.27,955.15,False
99.07,100.00,95.38,99.42,93.94,97.84,957.36,False
99.07,100.00,95.38,99.42,93.94,97.84,959.67,False
99.20,100.00,95.53,99.13,93.07,98.27,961.92,False
99.07,100.00,95.67,99.42,94.37,97.84,964.28,False
99.07,100.00,95.53,99.42,94.37,97.84,966.46,False
99.26,100.00,95.67,99.28,93.94,98.27,968.70,False
99.07,100.00,95.82,99.42,93.94,97.84,971.00,True
99.07,100.00,95.96,99.42,93.94,98.27,973.19,True
99.07,100.00,95.82,99.42,93.94,98.27,975.54,False
99.07,100.00,95.82,99.42,94.37,98.27,977.79,False
99.26,100.00,95.96,99.28,93.94,98.27,980.02,False
99.20,100.00,95.67,99.42,93.94,98.27,982.35,False
99.07,100.00,95.82,99.42,94.37,98.27,984.60,False
99.32,100.00,95.82,99.28,93.94,97.84,986.82,False
99.20,100.00,95.82,99.42,94.37,97.84,989.20,False
99.44,100.00,95.96,99.42,93.94,98.27,991.49,False
99.20,100.00,95.67,99.42,94.37,98.27,993.73,False
99.38,100.00,96.10,99.42,93.51,98.27,995.88,True
99.44,100.00,95.96,99.28,93.07,98.27,998.26,False
99.44,100.00,96.10,99.42,93.94,98.70,1000.57,True
99.32,100.00,95.82,99.42,94.37,98.70,1002.91,False
99.38,100.00,95.96,99.28,94.37,98.70,1005.14,False
99.32,100.00,95.82,99.42,94.37,98.70,1007.37,False
99.32,100.00,95.96,99.42,94.37,98.70,1009.56,False
99.44,100.00,96.25,99.28,93.94,98.27,1011.80,True
99.38,100.00,95.96,99.42,94.37,98.70,1014.04,False
99.51,100.00,95.96,99.42,94.37,98.70,1016.38,False
99.57,100.00,96.10,99.28,93.94,98.27,1018.70,False
99.44,100.00,96.10,99.28,93.94,98.70,1020.99,False
99.57,100.00,96.10,99.28,93.94,98.70,1023.30,False
99.57,100.00,95.96,99.42,94.37,98.70,1025.56,False
99.63,100.00,96.25,99.28,93.94,98.27,1027.70,False
99.51,100.00,96.25,99.42,94.37,98.70,1029.94,False
99.51,100.00,96.25,99.42,94.37,97.84,1032.27,False
99.57,100.00,96.10,99.42,94.37,98.27,1034.66,False
99.57,100.00,95.96,99.42,94.37,98.27,1036.98,False
99.69,100.00,96.10,99.42,94.37,98.27,1039.29,False
99.69,100.00,96.10,99.42,94.37,98.27,1041.63,False
99.57,100.00,96.25,99.42,94.37,98.70,1043.83,False
99.57,100.00,96.25,99.42,94.37,98.70,1046.14,False
99.69,100.00,96.25,99.42,94.37,98.70,1048.32,False
99.69,100.00,96.10,99.42,94.37,98.70,1050.65,False
99.63,100.00,96.25,99.42,94.37,98.70,1052.90,False
99.69,100.00,96.25,99.42,94.37,98.70,1055.22,False
99.69,100.00,96.25,99.42,94.81,98.27,1057.50,False
99.69,100.00,96.25,99.42,94.37,98.70,1059.83,False
99.63,100.00,96.39,99.42,94.37,98.70,1062.13,True
99.69,100.00,96.25,99.42,94.37,98.70,1064.34,False
99.63,100.00,96.39,99.42,94.37,98.70,1066.59,False
99.63,100.00,96.54,99.42,94.37,97.84,1068.78,True
99.75,100.00,96.39,99.28,93.94,98.70,1070.98,False
99.75,100.00,96.39,99.42,94.37,98.70,1073.28,False
99.75,100.00,96.39,99.42,94.37,98.70,1075.53,False
99.75,100.00,96.54,99.42,94.37,98.27,1077.79,False
99.81,100.00,96.39,99.42,94.37,98.27,1080.08,False
99.81,100.00,96.54,99.42,94.37,98.70,1082.38,False
99.75,100.00,96.25,99.28,94.81,98.70,1084.59,False
99.75,100.00,96.39,99.28,94.81,98.70,1086.89,False
99.75,100.00,96.54,99.28,94.81,98.70,1089.12,False
99.75,100.00,96.54,99.28,94.81,98.70,1091.41,False
99.75,100.00,96.54,99.42,94.37,98.70,1093.82,False
99.75,100.00,96.68,99.28,94.37,98.70,1096.11,True
99.75,100.00,96.54,99.28,94.37,98.70,1098.38,False
99.81,100.00,96.54,99.42,94.37,98.70,1100.72,False
99.75,100.00,96.54,99.28,94.37,98.70,1102.88,False
99.75,100.00,96.68,99.28,94.81,98.70,1105.16,False
99.88,100.00,96.54,99.42,94.37,98.70,1107.48,False
99.75,100.00,96.68,99.28,94.37,98.70,1109.65,False
99.88,100.00,96.68,99.28,94.37,98.70,1111.98,False
99.75,100.00,96.83,99.28,94.37,98.70,1114.33,True
99.81,100.00,96.68,99.28,94.37,98.70,1116.59,False
99.88,100.00,96.68,99.28,94.37,98.70,1118.83,False
99.94,100.00,96.54,99.28,94.37,98.27,1121.05,False
99.88,100.00,96.68,99.28,94.37,98.70,1123.32,False
99.88,100.00,96.68,99.28,94.81,98.70,1125.64,False
99.88,100.00,96.68,99.42,94.81,98.70,1127.96,False
99.81,100.00,96.83,99.28,94.37,98.70,1130.32,False
99.88,100.00,96.83,99.28,94.81,98.70,1132.65,False
99.81,100.00,96.68,99.28,94.81,98.70,1134.96,False
99.88,100.00,96.68,99.28,94.37,98.70,1137.29,False
99.88,100.00,96.83,99.42,94.37,98.70,1139.52,False
99.88,100.00,96.83,99.28,94.81,98.70,1141.78,False
99.81,100.00,96.83,99.28,94.81,98.70,1144.09,False
99.94,100.00,96.83,99.28,94.37,98.27,1146.35,False
99.94,100.00,96.83,99.28,94.37,98.70,1148.63,False
99.88,100.00,96.83,99.28,94.81,98.70,1150.88,False
99.88,100.00,96.83,99.28,94.81,98.70,1153.15,False
99.88,100.00,96.83,99.28,94.81,98.70,1155.44,False
99.94,100.00,96.83,99.28,94.37,98.27,1157.65,False
99.94,100.00,96.97,99.28,94.37,98.27,1159.88,True
99.94,100.00,96.68,99.28,94.81,98.70,1162.25,False
99.94,100.00,96.83,99.28,94.37,98.70,1164.62,False
99.94,100.00,96.83,99.28,94.81,98.70,1166.90,False
99.94,100.00,96.83,99.28,94.81,98.70,1169.16,False
100.00,100.00,96.83,99.28,94.81,98.70,1171.52,False
99.94,100.00,96.68,99.28,94.81,98.70,1173.77,False
99.94,100.00,96.83,99.28,94.81,98.70,1176.11,False
100.00,100.00,96.83,99.28,94.81,98.70,1178.40,False
100.00,100.00,96.97,99.28,94.37,98.70,1180.66,False
99.94,100.00,96.83,99.28,94.81,98.70,1182.95,False
100.00,100.00,96.83,99.28,94.81,98.70,1185.22,False
100.00,100.00,96.97,99.42,94.81,98.70,1187.42,False
100.00,100.00,96.83,99.28,94.81,98.70,1189.78,False
100.00,100.00,96.83,99.28,94.81,98.70,1192.02,False
100.00,100.00,96.97,99.28,94.81,98.70,1194.28,False
100.00,100.00,96.97,99.28,94.81,98.70,1196.63,False
100.00,100.00,96.97,99.28,94.81,98.70,1199.07,False
100.00,100.00,96.83,99.28,94.81,98.70,1201.41,False
100.00,100.00,96.97,99.28,94.81,98.70,1203.59,False
100.00,100.00,96.83,99.28,94.81,98.70,1205.89,False
100.00,100.00,96.97,99.28,94.81,98.27,1208.14,False
100.00,100.00,96.83,99.28,94.37,98.27,1210.37,False
100.00,100.00,96.83,99.28,94.81,98.70,1212.59,False
100.00,100.00,96.97,99.28,94.81,98.27,1214.84,False
100.00,100.00,96.83,99.28,94.81,98.70,1217.10,False
100.00,100.00,96.83,99.28,94.81,98.70,1219.45,False
100.00,100.00,96.83,99.28,94.81,98.70,1221.67,False
100.00,100.00,96.97,99.28,94.81,98.70,1224.05,False
100.00,100.00,96.97,99.28,94.81,98.70,1226.31,False
100.00,100.00,96.97,99.28,94.81,98.70,1228.62,False
100.00,100.00,96.97,99.28,94.81,98.70,1230.90,False
100.00,100.00,96.83,99.28,94.81,98.70,1233.18,False
100.00,100.00,97.11,99.28,94.81,98.27,1235.40,True
100.00,100.00,96.83,99.28,94.81,98.70,1237.70,False
100.00,100.00,96.97,99.28,94.81,98.70,1239.99,False
100.00,100.00,96.83,99.28,94.81,98.70,1242.31,False
100.00,100.00,96.97,99.28,94.81,98.70,1244.62,False
100.00,100.00,96.83,99.28,94.81,98.70,1246.94,False
100.00,100.00,96.97,99.28,94.81,98.70,1249.34,False
100.00,100.00,96.97,99.28,94.81,98.70,1251.64,False
100.00,100.00,96.97,99.28,94.81,98.70,1253.91,False
100.00,100.00,96.97,99.28,94.81,98.70,1256.30,False
100.00,100.00,96.97,99.28,94.81,98.70,1258.61,False
100.00,100.00,96.97,99.28,94.81,98.70,1261.05,False
100.00,100.00,96.97,99.28,94.81,98.27,1263.54,False
100.00,100.00,96.97,99.28,94.81,98.70,1265.78,False
100.00,100.00,96.97,99.28,94.81,98.70,1268.09,False
100.00,100.00,96.97,99.28,94.81,98.70,1270.35,False
100.00,100.00,96.97,99.28,94.81,98.70,1272.68,False
100.00,100.00,97.11,99.28,94.81,98.70,1275.07,False
100.00,100.00,96.97,99.28,94.81,98.70,1277.40,False
100.00,100.00,97.11,99.28,94.81,98.70,1279.70,False
100.00,100.00,97.26,99.28,94.81,98.27,1282.03,True
100.00,100.00,96.97,99.28,94.81,98.70,1284.43,False
100.00,100.00,97.11,99.28,94.81,98.27,1286.72,False
100.00,100.00,96.97,99.28,94.81,98.70,1289.01,False
100.00,100.00,97.26,99.28,94.81,98.70,1291.40,False
100.00,100.00,97.11,99.28,94.81,98.70,1293.76,False
100.00,100.00,97.11,99.28,94.81,98.27,1296.13,False
100.00,100.00,97.11,99.28,94.81,98.70,1298.47,False
100.00,100.00,96.97,99.28,94.81,98.70,1300.87,False
100.00,100.00,97.11,99.28,95.24,98.70,1303.14,False
100.00,100.00,97.26,99.42,94.81,98.27,1305.34,False
100.00,100.00,96.97,99.28,95.24,98.70,1307.55,False
100.00,100.00,97.11,99.28,94.81,98.70,1309.92,False
100.00,100.00,96.97,99.28,95.24,98.70,1312.26,False
100.00,100.00,96.97,99.28,95.24,98.70,1314.50,False
100.00,100.00,97.11,99.28,94.81,98.70,1316.87,False
100.00,100.00,96.83,99.28,95.24,98.70,1319.17,False
100.00,100.00,97.11,99.28,95.24,98.70,1321.51,False
100.00,100.00,96.97,99.28,95.24,98.70,1323.88,False
100.00,100.00,97.11,99.28,95.24,98.70,1326.15,False
100.00,100.00,97.26,99.28,94.81,98.70,1328.48,False
100.00,100.00,96.97,99.28,95.24,98.70,1330.82,False
100.00,100.00,96.97,99.28,95.24,98.70,1333.05,False
100.00,100.00,97.26,99.42,94.81,98.70,1335.36,False
100.00,100.00,97.26,99.42,94.81,98.70,1337.70,False
100.00,100.00,97.11,99.28,94.81,98.70,1339.99,False
100.00,100.00,97.11,99.28,95.24,98.70,1342.25,False
100.00,100.00,97.26,99.28,94.81,98.70,1344.54,False
100.00,100.00,97.11,99.28,95.24,98.70,1346.83,False
100.00,100.00,97.11,99.28,95.24,98.70,1349.14,False
100.00,100.00,97.11,99.28,95.24,98.70,1351.41,False
100.00,100.00,97.26,99.28,94.81,98.70,1353.73,False
100.00,100.00,97.26,99.28,95.24,98.70,1356.10,False
100.00,100.00,97.26,99.42,94.81,98.70,1358.30,False
100.00,100.00,97.26,99.28,95.24,98.70,1360.48,False
100.00,100.00,97.26,99.28,94.81,98.70,1362.73,False
100.00,100.00,97.26,99.28,94.81,98.70,1365.01,False
100.00,100.00,97.11,99.28,95.24,98.70,1367.34,False
100.00,100.00,97.40,99.28,94.81,98.27,1369.64,True
100.00,100.00,97.26,99.28,95.24,98.70,1371.93,False
100.00,100.00,97.11,99.28,95.24,98.70,1374.26,False
100.00,100.00,97.11,99.28,95.24,98.70,1376.47,False
100.00,100.00,97.26,99.42,94.81,98.70,1378.67,False
100.00,100.00,97.11,99.28,95.24,98.70,1380.91,False
100.00,100.00,97.26,99.42,95.24,98.70,1383.25,False
100.00,100.00,97.26,99.28,95.24,98.70,1385.56,False
100.00,100.00,97.26,99.28,95.24,98.70,1387.88,False
100.00,100.00,97.26,99.42,94.81,98.70,1390.37,False
100.00,100.00,97.11,99.42,95.24,98.70,1392.67,False
100.00,100.00,97.26,99.42,95.24,98.70,1394.99,False
100.00,100.00,97.26,99.42,95.24,98.70,1397.22,False
100.00,100.00,97.26,99.42,95.24,98.70,1399.46,False
100.00,100.00,97.26,99.28,95.24,98.70,1401.80,False
100.00,100.00,97.26,99.42,95.24,99.13,1404.21,True
100.00,100.00,97.40,99.42,95.24,98.70,1406.52,False
100.00,100.00,97.26,99.28,95.24,98.70,1408.77,False
100.00,100.00,97.26,99.28,95.24,98.27,1411.12,False
100.00,100.00,97.40,99.28,95.24,98.70,1413.32,False
100.00,100.00,97.40,99.28,95.24,98.70,1415.61,False
100.00,100.00,97.40,99.28,95.24,98.70,1417.78,False
100.00,100.00,97.40,99.28,95.24,98.27,1420.13,False
100.00,100.00,97.40,99.42,95.24,98.70,1422.49,False
100.00,100.00,97.55,99.42,95.24,98.70,1424.79,True
100.00,100.00,97.55,99.42,95.24,98.70,1424.79,True
