################ TRAINING REPORT #################
# Images path   | dataset\kylberg\training\
# Validation    | 0.30
# Height        | 64
# Width         | 64
# Architecure   | 2l_8f_16f_5x5_fc256
# Bacth Size    | 32
# Epochs        | 500
# Eval Criteria | 0.80
##################################################
train,validation,test,min,time
0.00,0.00,16.67,0.000
58.59,55.56,77.86,6.005,best
93.12,84.81,92.01,10.464,best
97.73,88.37,92.97,14.788,best
99.81,91.15,93.14,18.922,best
99.78,90.54,93.32,22.933
99.96,92.45,94.18,27.003,best
100.00,93.84,96.01,31.114,best
99.96,92.19,94.97,35.195
100.00,93.58,95.66,39.315
99.96,92.88,95.57,43.496
99.78,93.06,94.27,47.701
99.93,92.45,94.70,51.951
100.00,94.27,96.44,56.285,best
100.00,92.88,95.05,60.462
100.00,94.36,96.61,64.909,best
100.00,94.44,95.83,69.203,best
100.00,93.58,96.27,73.499
100.00,95.66,96.88,77.797,best
100.00,94.79,96.44,82.175
99.96,94.79,96.88,86.544
100.00,94.62,96.61,90.841
99.85,94.10,96.09,95.170
100.00,95.92,97.05,99.524,best
100.00,96.27,97.57,103.924,best
100.00,95.83,97.57,108.300
99.96,96.27,97.48,112.597
100.00,96.96,98.09,116.810,best
100.00,95.57,96.61,121.126
100.00,96.01,97.74,125.258
100.00,96.09,97.31,129.448
99.96,95.92,97.74,133.747
100.00,96.27,97.57,138.144
100.00,96.96,98.00,142.550
99.96,95.83,97.83,146.923
100.00,96.70,97.92,151.338
100.00,96.01,98.00,155.652
100.00,96.27,98.26,159.796
100.00,97.05,98.61,164.012,best
100.00,96.09,97.57,168.335
99.14,92.53,95.14,172.562
100.00,97.48,98.52,176.834,best
100.00,96.79,98.09,181.180
100.00,98.00,98.78,185.461,best
100.00,98.00,98.78,189.903
99.78,95.83,97.74,194.202
100.00,96.70,98.44,198.681
100.00,96.53,98.52,203.105
99.96,96.70,98.26,207.480
100.00,96.01,98.52,211.763
100.00,96.44,98.18,216.073
100.00,96.61,98.87,220.472
99.85,96.61,97.92,224.924
100.00,96.27,98.18,229.234
100.00,98.00,98.78,233.532