################ TRAINING REPORT #################
# Images path   | dataset\parking\slots\all\
# Validation    | 0.30
# Height        | 64
# Width         | 64
# Architecure   | 3l_32f_64f_64f_3x3_fc512
# Bacth Size    | 32
# Epochs        | 500
# Eval Criteria | 0.80
##################################################
train,validation,time
0.00,0.00,0.00
99.76,97.09,53.68,best
99.83,96.25,105.81
99.81,96.79,158.27
99.93,96.07,210.52
99.84,96.31,263.24
99.97,95.11,315.67
99.98,96.03,367.74
99.80,95.78,419.69
99.91,97.29,472.44,best
99.96,96.97,524.66
99.91,96.22,577.14
99.96,95.63,629.10
99.96,95.32,681.22
99.89,97.60,733.37,best
100.00,96.76,787.62
100.00,97.46,841.81
99.99,96.36,896.75
100.00,96.67,951.45
100.00,97.35,1005.79
100.00,97.35,1060.47
100.00,97.33,1115.36
100.00,97.38,1170.12
100.00,97.35,1224.77
100.00,97.22,1279.62
100.00,97.22,1334.42
99.89,97.60,1334.42
