################ TRAINING REPORT #################
# Images path   | dataset\parking\slots\slot3\
# Validation    | 0.30
# Height        | 64
# Width         | 64
# Architecure   | 2l_16f_32f_5x5_fc512
# Bacth Size    | 32
# Epochs        | 500
# Eval Criteria | 0.80
##################################################
train,validation,time
0.00,0.00,0.00
100.00,95.86,5.47,best
100.00,94.39,9.34
100.00,96.26,13.09,best
100.00,96.66,16.99,best
100.00,94.12,20.82
100.00,96.12,24.71
100.00,95.19,28.52
100.00,95.32,32.32
100.00,94.92,36.13
100.00,94.52,40.05
100.00,93.72,43.86
100.00,94.25,47.77
100.00,95.32,51.54
100.00,96.93,55.39,best
100.00,97.06,59.32,best
100.00,95.72,63.28
100.00,92.91,67.08
100.00,93.32,71.34
100.00,95.05,75.15
100.00,95.19,79.02
100.00,93.58,82.89
100.00,95.72,86.69
100.00,94.65,90.56
100.00,94.65,94.35
100.00,94.92,98.25
100.00,94.12,102.14
100.00,97.06,102.14
