################ TRAINING REPORT #################
# Images path   | dataset\parking\slots\slot1\
# Validation    | 0.30
# Height        | 64
# Width         | 64
# Architecure   | 2l_16f_32f_5x5_fc512
# Bacth Size    | 32
# Epochs        | 500
# Eval Criteria | 0.80
##################################################
train,validation,time
0.00,0.00,0.00
99.94,90.52,5.50,best
100.00,89.59,9.84
100.00,87.98,13.77
100.00,90.79,17.69,best
100.00,89.32,21.68
100.00,88.12,25.72
100.00,87.85,29.98
100.00,88.65,33.62
100.00,87.98,37.50
100.00,85.45,41.45
100.00,86.52,45.17
100.00,86.11,48.92
100.00,86.78,52.72
100.00,85.45,56.46
100.00,91.05,60.38,best
100.00,88.25,64.25
100.00,91.19,68.07,best
100.00,88.38,71.90
100.00,89.05,75.73
100.00,89.85,79.75
100.00,87.32,83.50
100.00,90.25,87.33
100.00,87.72,91.25
100.00,88.12,95.07
100.00,86.92,98.86
100.00,86.92,102.79
100.00,84.38,106.78
100.00,84.91,110.67
100.00,91.19,110.67
