train,validation,time
0.00,0.00,0.00
100.00,95.59,13.95,best
100.00,95.59,25.99
100.00,97.19,38.07,best
100.00,96.66,49.92
100.00,96.39,61.87
100.00,95.45,73.74
100.00,95.05,85.63
100.00,94.39,97.50
100.00,96.12,109.40
100.00,98.13,121.29,best
100.00,96.52,133.05
100.00,96.79,144.96
100.00,97.06,156.82
100.00,93.45,168.68
100.00,97.99,180.67
100.00,97.86,192.57
100.00,98.40,204.43,best
100.00,98.66,216.45,best
100.00,97.99,228.36
100.00,94.52,240.20
100.00,97.06,252.15
100.00,93.98,263.93
100.00,97.46,275.82
100.00,94.25,287.84
100.00,95.19,299.95
100.00,93.58,311.84
100.00,96.26,323.71
100.00,94.92,335.76
100.00,97.59,347.68
100.00,98.66,347.68
