train,validation,time
0.00,0.00,0.00
99.39,94.07,77.17,best
99.88,96.85,153.98,best
99.88,96.75,229.57
99.95,97.18,305.90,best
99.95,97.74,384.10,best
99.88,97.14,461.07
99.98,97.78,538.68,best
99.97,97.62,618.41
100.00,97.72,697.67
99.99,97.61,776.17
99.96,97.36,854.96
99.99,97.55,933.78
99.81,97.28,1012.27
99.95,98.02,1090.37,best
99.94,97.65,1167.71
99.86,96.88,1244.85
99.91,96.80,1322.85
99.85,97.61,1400.11
99.88,97.36,1477.36
99.87,96.79,1553.62
99.91,97.25,1630.46
99.83,96.66,1707.70
99.72,96.69,1783.06
99.72,97.24,1859.54
99.83,96.51,1935.66
99.95,98.02,1935.66
