################ TRAINING REPORT #################
# Images path   | dataset\digits\augmented_v456\
# Validation    | 0.30
# Height        | 64
# Width         | 64
# Architecure   | mnist
# Bacth Size    | 512
# Epochs        | 500
# Eval Criteria | 0.80
##################################################
train,validation,test,min,time
0.00,0.00,0.38,0.000
0.00,0.00,30.13,8.146
2.72,3.33,47.82,13.504,best
3.06,3.72,45.26,19.246,best
2.11,1.28,32.44,24.872
9.17,7.18,46.54,30.145,best
3.89,3.85,57.82,35.690
9.17,8.97,47.82,41.518,best
8.56,7.56,59.10,47.098
5.00,5.00,61.03,52.398
4.89,5.51,64.49,58.126
8.67,6.54,63.21,63.411
8.73,5.64,62.44,68.694
18.57,13.59,60.77,73.978,best
15.79,13.97,60.77,79.422,best
9.73,10.90,68.21,84.990
12.12,6.92,69.62,90.283
14.06,12.44,60.00,95.980
8.89,6.92,66.79,101.276
9.95,10.13,75.64,106.977
10.62,11.54,65.38,112.634
13.34,12.31,70.51,118.276
19.18,18.33,70.64,123.578,best
24.07,23.08,73.46,128.891,best
11.56,12.31,72.95,134.286
15.62,15.77,73.85,139.938
27.07,27.31,72.95,145.609,best
17.40,15.13,78.46,151.120
21.68,25.51,79.10,156.764
21.29,20.51,75.77,162.438
23.90,16.67,71.54,167.801
17.84,17.31,66.41,173.518
20.79,19.36,68.21,179.206
15.51,16.28,76.03,184.474
28.02,25.13,74.49,189.770
29.35,27.56,75.64,195.532,best
21.01,18.08,81.79,200.820
25.13,25.90,82.31,206.537
37.41,36.03,83.97,212.186,best
28.57,27.82,79.49,217.481
44.08,42.18,83.85,223.221,best
48.08,46.41,85.77,228.643,best
51.08,47.05,82.82,234.232,best
26.29,24.36,76.92,239.793
45.47,41.92,81.15,245.278
40.02,38.08,83.08,250.571
40.52,42.18,84.23,256.287
43.58,40.77,86.15,261.938
50.92,47.69,87.05,267.214,best
58.25,51.67,86.67,272.747,best
53.53,50.51,90.00,278.044
49.42,45.38,89.10,283.748
57.31,51.67,89.49,289.411
58.53,50.00,91.41,294.684
64.92,57.69,90.38,300.390,best
58.37,55.77,88.85,305.669
63.92,60.51,91.54,310.951,best
69.04,64.10,93.33,316.558,best
64.04,60.13,91.28,322.124
73.37,70.38,91.79,327.400,best
67.76,63.59,88.85,332.901
68.98,63.85,92.44,338.187
75.04,71.79,92.56,343.484,best
77.82,73.21,92.95,348.962,best
73.65,67.82,93.21,354.390
75.32,70.77,93.59,360.068
65.59,62.05,92.44,366.034
64.81,63.21,93.72,371.313
67.26,62.95,93.08,377.080
72.60,68.72,94.23,382.735
74.99,70.38,94.10,388.402
77.60,73.59,95.38,394.057,best
70.37,67.56,95.26,399.534
58.42,54.74,94.49,404.820
66.65,63.33,92.56,410.115
76.21,73.72,93.08,415.834,best
69.54,64.87,95.00,421.265
62.42,60.51,94.87,426.897
66.20,64.49,93.85,432.840
69.87,63.85,93.59,438.123
68.93,66.41,94.74,443.880
77.15,75.00,95.51,449.548,best
78.10,73.85,94.87,454.989
67.93,64.62,94.23,460.643
70.98,69.49,94.10,466.288
79.32,73.46,93.59,471.966
66.31,63.59,95.38,477.619
72.60,70.13,96.15,483.279
69.93,69.36,94.36,488.570
74.26,72.18,95.13,494.344
76.93,73.33,93.97,500.070
69.26,63.72,94.49,505.742
77.15,75.00,95.51,505.742
