################ TRAINING REPORT #################
# Images path   | dataset\digits\augmented_v456\
# Validation    | 0.30
# Height        | 64
# Width         | 64
# Architecure   | mnist
# Bacth Size    | 256
# Epochs        | 500
# Eval Criteria | 0.80
##################################################
train,validation,test,min,time
0.00,0.00,0.64,0.000
6.89,5.38,37.05,7.734,best
1.11,1.79,42.05,13.215
2.61,2.82,34.87,18.936
4.95,4.74,21.79,24.399
0.00,0.00,31.41,30.154
6.17,5.13,32.56,35.627
0.11,0.51,40.26,41.072
7.23,5.64,47.44,46.820,best
6.28,5.13,44.74,53.122
13.90,11.79,36.15,58.899,best
3.89,3.21,44.49,65.204
3.67,2.56,40.26,71.130
6.61,6.03,51.67,76.889
10.56,9.62,38.46,82.355
9.89,9.62,48.33,88.081
12.34,10.38,38.85,93.848
5.11,4.10,36.41,99.652
5.34,3.33,41.79,105.115
7.45,5.77,41.92,110.794
1.56,2.31,33.33,116.255
13.90,11.79,36.15,116.255
