################ TRAINING REPORT #################
# Images path   | dataset\digits\augmented_v456\
# Validation    | 0.30
# Height        | 64
# Width         | 64
# Architecure   | mnist
# Bacth Size    | 512
# Epochs        | 500
# Eval Criteria | 0.80
##################################################
train,validation,test,min,time
0.00,0.00,0.77,0.000
1.45,2.31,27.56,7.932,best
0.00,0.00,48.33,13.706
3.11,4.49,52.82,19.325,best
1.22,2.05,52.69,24.852
2.00,2.05,47.82,30.173
5.06,3.46,51.15,35.485
0.50,0.00,62.05,41.194
10.62,8.33,57.05,46.494,best
2.72,3.85,60.26,51.803
6.06,5.38,39.23,57.490
6.06,4.36,50.77,63.106
12.67,8.08,56.54,68.733
0.00,0.00,47.05,74.037
5.95,5.26,62.05,79.755
13.40,10.77,59.36,85.481,best
5.28,5.77,58.59,91.017
5.78,3.85,59.23,96.677
1.56,2.31,66.15,102.357
9.06,7.05,69.23,108.002
9.51,7.95,62.95,113.960
2.39,2.95,63.08,119.226
13.29,10.51,53.33,124.983
2.78,4.87,58.72,130.665
14.34,12.44,56.41,135.952,best
0.67,1.15,68.85,141.851
2.33,2.31,67.18,147.122
4.45,2.95,58.21,152.892
10.39,10.77,71.54,158.189
2.50,1.67,69.87,163.875
12.90,10.38,72.18,169.846
12.01,8.46,68.33,175.129
13.62,10.90,72.82,180.399
13.95,14.62,75.38,185.683,best
25.90,23.72,69.74,191.266,best
14.45,15.26,69.10,196.784
21.96,21.41,72.95,202.473
30.96,28.97,79.74,208.125,best
18.57,18.59,71.54,213.604
23.18,23.21,75.13,219.263
27.57,27.31,76.92,224.923
35.19,33.46,80.64,230.582,best
20.68,20.00,81.54,236.158
29.85,25.51,82.82,241.808
35.58,34.62,86.92,247.451,best
43.08,39.10,81.41,252.905,best
35.52,31.28,78.59,258.356
35.96,34.23,85.64,263.637
48.30,43.21,85.90,269.319,best
39.58,36.67,83.33,274.591
44.41,42.95,84.62,280.295
54.86,50.77,85.64,285.565,best
28.68,26.28,84.23,291.157
51.42,47.56,86.79,296.440
49.58,45.77,87.05,301.716
55.42,48.85,88.33,307.470
67.09,62.31,89.49,313.129,best
59.14,54.23,89.36,318.575
60.59,55.77,87.18,324.198
61.09,56.67,91.92,329.883
56.25,54.23,90.13,335.572
54.25,51.79,88.46,341.211
53.70,49.87,92.56,346.844
65.81,61.28,93.72,352.120
66.81,62.05,94.62,357.405
70.71,69.23,94.23,362.682,best
65.87,63.33,93.85,368.135
72.60,68.21,94.10,373.757
72.60,68.08,94.62,379.050
67.59,64.36,91.79,384.746
66.20,65.00,94.62,390.367
65.98,64.87,94.87,395.998
75.88,70.90,94.74,401.644,best
71.93,70.64,94.62,407.083
71.76,67.18,95.64,412.771
73.65,68.72,95.13,418.059
68.93,65.64,96.28,423.806
77.21,74.10,95.64,429.495,best
82.38,77.95,96.67,434.898,best
77.32,73.97,97.18,440.423
78.04,74.74,96.28,446.089
73.60,70.38,96.28,451.703
82.16,76.15,96.92,457.352
77.71,77.56,96.15,462.624
83.88,81.15,97.95,468.384,best
78.38,77.69,96.92,473.653
79.54,77.05,96.41,479.427
86.88,82.69,97.56,485.120,best
84.66,82.82,96.79,490.550,best
81.43,77.82,96.67,496.165
83.55,80.38,96.67,501.453
76.04,75.64,97.18,506.730
88.55,86.03,97.44,512.418,best
75.32,72.56,97.31,517.835
80.93,75.90,97.31,523.122
88.77,85.00,97.31,528.800
81.93,80.26,97.18,534.455
87.44,85.26,98.08,539.733
75.60,72.31,98.33,545.015
81.16,79.62,98.33,550.323
88.55,86.03,97.44,556.020
