################ TRAINING REPORT #################
# Images path   | dataset\digits\augmented_v456\
# Validation    | 0.30
# Height        | 64
# Width         | 64
# Architecure   | mnist
# Bacth Size    | 512
# Epochs        | 500
# Eval Criteria | 0.80
##################################################
train,validation,test,min,time
0.00,0.00,0.00,0.000
5.11,4.87,35.77,7.712,best
5.73,5.90,49.49,13.036,best
6.11,8.46,52.05,18.686,best
10.01,9.23,60.00,23.999,best
0.83,1.03,56.03,29.509
12.67,9.62,60.38,34.800,best
13.73,11.67,62.44,40.467,best
15.12,13.72,67.69,45.899,best
11.73,10.38,58.46,51.433
1.28,0.64,62.82,56.711
6.73,5.26,64.74,61.991
3.89,3.59,69.62,67.274
11.62,8.08,62.18,72.567
13.12,11.28,56.28,77.840
3.39,2.69,51.54,83.588
18.84,15.00,57.82,89.249,best
18.73,14.49,56.15,94.727
6.17,5.13,63.21,99.988
12.06,11.41,68.97,105.695
9.17,7.69,70.38,110.958
9.95,10.26,70.51,116.654
17.23,14.49,71.67,121.937
11.67,9.62,66.03,127.285
17.07,15.64,71.79,132.976,best
19.84,19.49,66.67,138.449,best
18.57,13.97,63.08,143.982
8.84,8.59,63.21,149.583
7.50,6.54,63.08,154.865
13.67,15.13,62.95,160.590
5.89,5.51,69.49,166.244
3.34,4.23,54.74,171.918
23.12,19.74,61.03,177.198,best
7.89,7.05,70.26,182.818
11.06,10.26,70.77,188.495
12.56,11.54,73.59,193.794
7.78,9.23,70.64,199.081
19.18,15.90,70.64,204.354
16.34,15.13,72.31,210.081
13.45,13.46,72.31,215.727
31.35,30.38,69.62,221.378,best
20.79,18.59,67.31,226.654
16.29,15.00,62.95,231.925
24.46,23.33,65.13,237.644
27.79,22.69,55.26,243.271
25.46,22.44,65.51,248.916
7.34,8.33,62.31,254.855
8.78,8.97,65.90,260.123
28.46,27.56,70.90,265.402
17.51,16.15,74.87,271.060
37.02,36.92,80.51,276.699,best
43.52,42.56,78.72,282.354,best
41.19,39.23,80.77,287.792
35.24,33.33,79.36,293.484
34.74,34.36,78.21,298.828
48.36,43.72,81.92,304.494,best
43.91,41.28,81.03,310.112
33.35,32.05,84.49,315.388
40.97,40.38,83.72,320.654
41.52,39.36,85.77,326.403
43.30,40.13,85.64,332.064
44.86,41.54,82.69,337.715
45.36,40.90,85.77,343.374
47.03,44.23,81.79,349.049,best
50.97,50.13,85.00,354.690,best
54.59,52.69,87.69,360.136,best
58.98,55.90,86.15,365.415,best
57.25,55.13,87.31,370.678
64.15,57.05,84.23,375.951,best
43.30,38.46,86.15,381.395
57.37,52.05,87.05,387.066
51.53,49.10,88.33,392.696
50.97,47.69,88.21,398.352
50.97,48.72,84.23,403.616
50.97,47.05,85.00,409.300
51.86,49.49,86.41,414.595
61.70,61.92,88.72,420.283,best
61.20,59.23,86.79,425.555
53.47,53.21,87.05,431.228
59.31,57.05,85.77,436.859
40.36,38.21,83.59,442.493
42.25,39.74,84.36,448.171
44.58,40.38,90.13,453.444
51.31,52.05,91.28,459.162
62.98,59.74,87.05,464.816
49.92,48.72,88.46,470.432
45.86,43.85,90.77,476.101
61.70,61.92,88.72,476.101
