################ TRAINING REPORT #################
# Images path   | dataset\digits\augmented_v456\
# Validation    | 0.30
# Height        | 64
# Width         | 64
# Architecure   | mnist
# Bacth Size    | 256
# Epochs        | 500
# Eval Criteria | 0.80
##################################################
train,validation,test,min,time
0.00,0.00,0.00,0.000
10.56,8.85,46.28,7.808,best
9.51,8.46,37.82,13.541
0.78,1.67,40.77,19.326
0.44,0.64,42.56,25.297
5.61,7.44,43.59,30.885
6.73,5.26,41.28,36.658
5.56,7.56,50.00,42.126
3.61,4.23,50.64,47.864
1.00,1.67,43.08,53.618
4.22,4.36,46.92,59.506
15.84,13.85,38.85,65.244,best
6.84,9.10,41.41,71.156
15.95,14.36,45.77,76.620,best
8.78,8.97,39.74,82.407
16.06,14.87,35.13,87.900,best
7.45,6.28,52.82,94.296
13.62,12.18,46.41,99.744
19.68,17.18,44.62,105.471,best
14.17,12.56,56.41,111.345
14.40,9.87,49.49,116.955
19.96,17.18,61.03,122.558
10.34,8.72,56.15,128.017
23.29,20.51,55.00,133.722,best
21.68,20.13,60.26,139.544
21.18,19.62,59.36,145.266
19.90,19.36,56.92,150.747
25.46,21.79,52.44,156.501,best
18.23,15.38,62.31,162.480
26.18,25.51,55.26,168.206,best
21.51,18.97,60.64,174.491
23.90,22.82,60.13,180.237
17.68,17.44,59.74,186.004
25.74,24.36,59.23,191.638
34.35,32.95,55.38,197.271,best
17.68,18.46,58.08,202.765
28.85,27.95,63.72,208.523
25.18,24.23,63.97,214.271
26.07,26.03,50.26,219.762
22.68,21.67,55.51,225.523
28.18,25.00,59.36,231.314
22.35,22.82,54.10,236.959
16.12,16.03,59.10,242.611
25.29,23.85,49.23,248.079
38.13,36.41,52.18,253.881,best
17.51,17.95,60.51,259.367
36.30,33.59,61.54,265.119
26.74,22.69,61.92,270.860
30.35,28.08,61.41,276.348
33.35,30.13,57.31,282.108
23.85,21.67,60.51,287.739
42.13,38.72,68.97,293.492,best
25.18,23.46,57.05,299.444
9.78,8.46,52.31,304.920
7.78,6.79,58.72,310.665
22.01,21.54,56.15,316.484
14.06,14.49,67.44,321.963
14.45,12.44,60.38,327.437
24.24,22.69,63.72,333.189
31.57,27.95,60.51,338.782
25.68,24.23,59.49,344.272
22.90,20.38,58.46,350.040
42.13,38.72,68.97,350.040
