################ TRAINING REPORT #################
# Images path   | dataset\digits\augmented_v456\
# Validation    | 0.30
# Height        | 64
# Width         | 64
# Architecure   | mnist
# Bacth Size    | 64
# Epochs        | 500
# Eval Criteria | 0.80
##################################################
train,validation,test,min,time
0.00,0.00,2.05,0.000
3.17,3.85,15.38,8.964,best
6.11,4.36,22.44,16.055,best
0.22,0.77,30.90,23.188
6.11,4.87,13.59,30.297,best
6.67,5.13,27.95,37.401,best
7.17,5.64,13.59,44.527,best
1.33,2.56,36.92,51.639
6.50,5.64,30.13,58.747
6.61,5.38,30.00,65.834
6.50,5.38,44.87,72.967
1.22,1.79,28.08,80.057
5.06,5.38,38.46,87.151
9.39,8.46,44.62,94.272,best
5.95,4.62,28.97,101.351
0.00,0.00,48.72,108.421
8.73,8.85,40.64,115.516,best
5.39,3.85,36.54,122.618
6.73,5.51,36.79,130.005
5.17,4.23,45.51,138.108
1.22,0.00,44.62,145.114
6.45,5.13,44.74,152.669
7.06,5.26,41.92,160.213
6.73,5.26,50.90,167.713
7.34,6.03,45.00,175.228
7.06,5.38,52.18,182.829
9.39,8.21,49.87,190.296
8.73,8.85,40.64,190.296
