################ TRAINING REPORT #################
# Images path   | dataset\digits\augmented_v456\
# Validation    | 0.30
# Height        | 64
# Width         | 64
# Architecure   | mnist
# Bacth Size    | 256
# Epochs        | 500
# Eval Criteria | 0.80
##################################################
train,validation,test,min,time
0.00,0.00,1.15,0.000
1.33,2.05,36.15,7.583,best
0.78,1.28,39.36,13.291
6.61,5.26,46.67,18.764,best
3.89,2.69,42.05,24.375
8.39,7.44,46.54,30.144,best
6.39,5.13,50.51,35.955
0.06,0.00,45.38,41.722
9.51,9.62,55.26,47.514,best
4.22,2.18,48.08,53.330
4.78,3.85,27.69,58.991
2.78,2.56,32.05,64.474
1.39,1.67,41.79,70.239
4.22,3.85,32.44,75.716
0.00,0.00,37.05,81.473
0.00,0.00,36.03,86.969
0.00,0.00,36.03,92.694
13.40,11.67,47.95,98.153,best
3.61,2.56,43.33,104.088
6.06,5.00,46.79,110.031
1.45,0.26,45.00,115.498
15.34,13.46,40.26,121.250,best
7.62,4.49,49.74,127.216
5.61,4.10,41.41,132.700
5.28,5.13,47.82,138.508
5.39,4.23,48.85,144.219
0.00,0.00,48.33,149.823
0.39,0.38,48.97,155.304
0.56,0.26,50.38,160.774
9.28,7.69,52.69,166.503
13.67,13.08,51.54,171.960
24.68,21.67,47.31,177.726,best
0.11,0.00,23.33,183.652
0.00,0.00,23.33,189.604
4.72,4.49,51.54,195.089
6.67,5.26,35.51,200.865
10.62,10.00,45.38,206.342
4.39,3.97,50.90,212.168
8.12,7.18,45.38,217.700
9.17,10.00,40.38,223.462
11.45,10.26,54.23,228.937
2.67,2.69,48.46,234.732
24.68,21.67,47.31,234.732
