################ TRAINING REPORT #################
# Images path   | dataset\digits\augmented_v456\
# Validation    | 0.30
# Height        | 64
# Width         | 64
# Architecure   | mnist
# Bacth Size    | 512
# Epochs        | 500
# Eval Criteria | 0.80
##################################################
train,validation,test,min,time
0.00,0.00,0.00,0.000
0.00,0.00,23.33,7.936
0.67,1.15,37.31,13.242,best
2.39,3.97,26.92,18.885,best
0.00,0.00,41.67,24.428
2.83,3.85,50.64,29.717
6.89,8.08,56.41,35.472,best
9.67,7.69,50.00,40.750
5.84,4.74,55.00,46.452
14.45,12.31,57.82,51.741,best
4.45,4.49,66.54,57.378
8.84,7.69,64.10,62.649
6.45,6.41,61.92,68.314
14.90,13.97,65.38,73.969,best
13.90,12.95,73.59,79.559
20.79,18.72,61.79,85.238,best
7.23,7.82,66.03,90.512
2.39,2.56,69.74,96.093
2.22,1.28,67.56,101.764
21.62,18.59,73.33,107.404
21.79,19.23,69.36,112.669,best
19.46,18.97,75.26,118.251
15.62,16.03,67.82,123.899
15.18,13.59,70.00,129.167
27.68,28.97,76.28,134.841,best
25.40,22.95,68.21,140.351
35.58,33.33,71.28,145.639,best
22.35,20.00,72.05,151.220
8.23,5.00,74.23,156.500
12.67,10.00,79.10,161.796
19.29,17.56,72.95,167.064
16.40,15.51,69.10,172.325
12.90,11.79,76.28,178.042
17.84,14.49,68.97,183.750
15.18,13.97,69.87,189.444
20.57,20.26,79.10,195.098
36.80,35.64,81.15,200.778,best
19.57,20.26,76.67,206.243
30.52,28.72,73.85,211.885
25.51,25.90,84.23,217.172
31.85,31.67,82.56,222.445
29.63,28.46,83.72,228.200
14.95,18.72,76.79,233.842
15.95,15.13,73.72,239.456
34.46,35.90,74.10,244.725,best
33.85,32.95,80.26,249.997
38.74,36.79,74.10,255.495,best
15.90,12.18,74.49,260.945
25.51,23.72,76.15,266.309
30.18,26.67,72.69,271.985
26.63,26.67,74.87,277.637
12.90,12.82,78.33,283.310
20.79,21.15,77.69,288.653
39.13,36.54,84.23,294.356
48.30,46.15,83.33,300.016,best
28.57,27.95,81.67,305.446
31.80,33.59,81.67,311.077
31.52,30.00,84.23,316.754
32.68,28.97,79.74,322.036
44.97,44.49,80.26,327.802
43.19,39.62,83.33,333.412
42.36,38.59,89.49,339.040
53.47,49.74,85.77,344.679,best
44.69,39.36,86.41,350.138
45.58,41.79,87.56,355.823
50.14,49.23,87.69,361.465
53.31,50.00,87.82,367.119,best
55.31,51.03,85.00,372.582,best
59.48,54.74,88.33,378.081,best
59.48,53.97,88.72,383.349
59.92,55.26,86.79,388.605,best
49.08,48.08,85.00,394.117
56.03,54.36,91.28,399.395
64.87,61.41,89.62,405.144,best
58.98,53.85,91.41,410.548
66.65,63.59,91.54,416.160,best
60.98,55.13,91.41,421.590
70.71,69.10,92.31,426.936,best
65.54,65.00,91.79,432.386
77.38,73.85,92.05,438.040,best
67.54,62.31,93.72,443.456
57.42,56.54,92.05,448.738
76.54,71.67,93.33,454.014
70.04,64.49,92.82,459.318
70.71,64.87,91.79,465.024
63.98,57.69,93.46,470.685
60.98,57.18,93.59,476.337
68.32,61.92,92.56,481.623
71.15,64.74,90.13,487.370
81.55,75.64,93.97,493.042,best
80.66,76.41,94.49,498.468,best
78.93,75.00,94.36,503.955
74.65,73.33,94.36,509.599
74.49,70.38,94.36,514.915
67.15,63.33,93.85,520.182
56.86,56.54,93.21,525.941
71.48,71.03,93.08,531.576
69.09,68.08,91.92,537.224
67.32,65.00,93.21,542.858
70.87,68.85,92.56,548.563
80.66,76.41,94.49,553.825
