################ TRAINING REPORT #################
# Images path   | dataset\digits\augmented_v456\
# Validation    | 0.30
# Height        | 64
# Width         | 64
# Architecure   | mnist
# Bacth Size    | 512
# Epochs        | 500
# Eval Criteria | 0.80
##################################################
train,validation,test,min,time
0.00,0.00,0.26,0.000
0.00,0.00,12.56,7.716
2.72,4.23,42.69,13.226,best
2.28,3.46,42.69,18.814
8.73,6.79,38.46,24.110,best
1.11,2.31,46.79,29.658
12.17,11.03,44.87,34.986,best
11.45,9.49,55.51,40.486
3.11,3.08,61.03,46.124
7.50,7.18,61.15,51.798
8.34,8.97,42.95,57.440
7.89,8.85,54.49,63.110
10.51,8.97,50.13,68.481
0.50,1.15,57.18,74.177
11.90,13.59,63.97,79.840,best
10.62,8.59,53.33,85.528
1.78,0.77,69.10,90.819
9.73,8.08,70.64,96.578
6.45,5.64,59.10,102.294
1.00,1.54,58.46,107.932
8.56,6.03,60.51,113.589
6.45,5.00,58.85,119.255
7.28,5.38,49.87,124.942
2.17,2.82,61.54,130.563
12.84,10.26,65.26,136.216
11.90,13.59,63.97,136.216
