################ TRAINING REPORT #################
# Images path   | dataset\digits\augmented_v456\
# Validation    | 0.30
# Height        | 64
# Width         | 64
# Architecure   | mnist
# Bacth Size    | 128
# Epochs        | 500
# Eval Criteria | 0.80
##################################################
train,validation,test,min,time
0.00,0.00,0.00,0.000
18.90,17.18,54.10,8.538,best
10.84,10.00,40.90,15.179
21.29,18.33,42.05,22.374,best
8.00,6.67,45.51,28.559
23.96,24.74,52.95,34.821,best
19.40,17.44,57.69,40.974
33.24,31.67,63.08,47.061,best
42.86,41.41,69.36,53.512,best
43.69,42.69,67.56,60.120,best
24.01,22.82,52.56,66.666
23.85,23.59,65.90,72.998
27.13,25.90,51.15,79.136
2.78,2.82,45.26,85.231
0.50,0.26,37.31,91.295
8.56,7.82,55.77,97.689
14.90,16.15,58.46,104.048
19.62,17.95,55.77,110.408
26.29,23.72,53.46,117.264
17.18,14.10,58.59,123.346
43.69,42.69,67.56,123.346
