################ TRAINING REPORT #################
# Images path   | dataset\digits\augmented_v456\
# Validation    | 0.30
# Height        | 64
# Width         | 64
# Architecure   | mnist
# Bacth Size    | 64
# Epochs        | 500
# Eval Criteria | 0.80
##################################################
train,validation,test,min,time
0.00,0.00,0.26,0.000
5.06,3.33,34.87,10.335,best
6.34,4.87,27.18,17.445,best
5.56,4.87,19.87,25.033
6.73,5.77,18.97,32.081,best
5.78,4.87,19.74,40.216
4.78,3.59,32.18,48.625
1.95,2.95,33.08,56.429
6.89,5.38,34.62,64.397
11.56,10.64,42.95,71.906,best
7.50,5.90,32.18,78.928
5.78,4.49,33.85,86.918
7.12,5.51,40.77,94.650
7.56,6.54,41.54,102.230
12.78,11.03,40.77,109.658,best
7.34,6.15,36.15,116.833
6.06,3.97,45.38,123.864
14.95,13.46,48.72,131.780,best
9.51,8.21,46.79,139.873
17.29,15.00,45.90,147.989,best
15.12,13.08,51.67,155.629
16.34,15.00,53.08,162.669
20.46,21.03,45.38,170.021,best
14.67,12.82,45.90,177.904
8.17,7.05,49.62,185.619
14.90,13.59,50.13,192.916
14.01,11.41,45.13,199.966
16.01,13.46,45.51,207.022
28.57,25.26,55.38,214.067,best
27.68,25.38,53.85,221.679,best
2.72,2.56,38.21,228.852
19.57,17.95,55.90,236.508
20.12,18.59,53.72,243.533
11.01,11.92,55.51,251.476
19.68,19.10,56.79,259.246
21.23,19.62,59.87,266.654
35.58,32.82,63.46,274.182,best
38.85,36.92,56.15,281.857,best
32.07,30.13,68.59,289.662
14.67,14.36,43.46,296.771
20.90,19.87,64.10,304.133
29.29,27.44,56.54,311.188
31.57,28.85,63.21,319.590
34.80,33.46,65.51,326.631
30.85,28.08,69.49,334.537
29.85,28.46,62.44,342.039
30.02,28.08,67.69,349.847
33.41,31.79,65.51,357.569
38.85,36.92,56.15,357.569
