################ TRAINING REPORT #################
# Images path   | dataset\digits\augmented_v456\
# Validation    | 0.30
# Height        | 64
# Width         | 64
# Architecure   | mnist
# Bacth Size    | 128
# Epochs        | 500
# Eval Criteria | 0.80
##################################################
train,validation,test,min,time
0.00,0.00,0.00,0.000
19.34,17.56,62.31,8.374,best
25.13,24.74,59.23,14.877,best
19.23,18.46,65.64,21.336
23.35,19.49,69.49,27.919
26.63,21.67,63.72,34.363
48.03,43.59,62.44,40.449,best
32.85,30.51,70.77,46.558
37.91,36.67,63.08,52.679
33.46,30.38,66.15,58.786
52.42,49.62,72.82,65.119,best
33.41,32.69,68.33,72.082
46.58,44.23,69.74,78.321
48.53,45.38,75.64,84.770
47.19,46.54,77.44,91.022
49.36,48.85,73.97,97.481
43.64,41.41,72.05,103.794
58.81,58.21,79.23,110.323,best
50.53,50.38,76.92,116.862
51.42,53.08,73.33,123.306
57.75,55.51,80.90,129.881
64.59,62.69,76.54,135.964,best
56.98,54.87,76.41,142.505
43.64,44.36,73.97,148.609
45.75,44.62,74.10,154.734
58.37,56.54,78.33,160.824
54.09,54.36,71.15,166.904
49.53,48.08,73.59,173.124
62.42,57.69,77.44,179.210
56.81,55.64,72.05,185.287
57.42,54.74,83.33,191.509
56.81,55.00,73.21,197.617
64.59,62.69,76.54,197.617
