################ TRAINING REPORT #################
# Images path   | dataset\digits\augmented_v456\
# Validation    | 0.30
# Height        | 64
# Width         | 64
# Architecure   | mnist
# Bacth Size    | 64
# Epochs        | 500
# Eval Criteria | 0.80
##################################################
train,validation,test,min,time
0.00,0.00,5.13,0.000
11.84,10.38,36.67,9.054,best
7.28,6.79,50.26,16.176
18.34,16.03,47.69,23.275,best
11.84,11.92,47.31,30.349
16.68,14.74,48.72,37.442
13.84,13.33,42.05,44.549
10.17,7.05,47.18,51.641
23.90,20.77,54.36,58.726,best
35.63,33.97,65.00,65.813,best
34.13,31.15,59.87,72.896
39.58,36.41,69.36,79.969,best
44.97,40.51,71.54,87.058,best
45.58,43.59,72.18,94.145,best
52.97,50.38,74.10,101.239,best
54.20,51.79,77.82,108.312,best
58.03,53.21,75.13,115.396,best
51.14,49.74,78.33,122.483
56.64,54.74,80.38,129.569,best
44.19,39.49,70.51,136.652
48.53,46.15,72.95,143.726
52.81,52.18,83.21,150.794
71.98,68.33,85.90,157.837,best
58.25,57.69,79.87,164.929
71.82,72.44,79.87,172.011,best
77.65,73.85,86.28,179.093,best
85.33,85.51,92.95,186.181,best
84.38,79.36,89.36,193.265
80.82,80.00,90.13,200.357
82.82,81.92,91.15,207.441
91.55,87.31,92.82,214.526,best
86.71,81.67,90.00,221.590
86.44,81.67,91.79,228.668
92.27,89.10,94.36,235.780,best
91.61,89.10,94.36,242.898
93.00,90.64,94.62,249.982,best
92.16,88.85,95.26,257.079
93.50,90.26,93.72,264.186
95.00,92.31,96.03,271.303,best
94.55,92.05,95.90,278.407
96.66,93.59,96.79,285.526,best
95.33,92.18,95.77,292.627
93.61,88.85,94.87,299.694
96.00,92.95,96.67,306.777
95.55,93.46,96.67,313.856
97.89,95.51,96.92,320.970,best
97.33,95.77,97.05,328.058,best
94.27,91.15,94.87,335.153
95.89,93.97,96.92,342.254
98.11,95.64,97.56,349.360
98.05,95.77,97.69,356.462
96.55,93.08,96.28,363.522
97.83,95.26,97.18,370.957
98.50,96.28,98.21,378.353,best
97.89,95.00,96.92,385.446
98.05,95.51,97.82,392.563
97.72,94.10,97.44,399.647
98.22,95.26,97.05,406.774
96.44,95.38,97.95,413.811
97.50,95.51,97.95,421.783
97.83,96.03,98.33,428.875
98.28,96.03,98.08,435.934
98.44,96.92,98.08,443.025,best
98.89,96.54,97.95,450.117
98.44,96.92,98.08,450.117
