################ TRAINING REPORT #################
# Images path   | dataset\digits\augmented_v456\
# Validation    | 0.30
# Height        | 64
# Width         | 64
# Architecure   | mnist
# Bacth Size    | 32
# Epochs        | 500
# Eval Criteria | 0.80
##################################################
train,validation,test,min,time
0.00,0.00,1.67,0.000
6.56,5.13,32.56,11.523,best
5.11,4.10,23.33,21.133
6.50,5.00,30.00,30.648
4.17,3.85,23.85,40.123
7.17,5.26,42.56,49.882,best
15.29,13.59,51.54,59.654,best
11.06,10.38,48.46,69.274
19.29,17.95,44.74,79.033,best
15.45,13.97,44.10,88.660
17.95,16.54,41.03,98.251
21.68,19.49,43.97,107.592,best
22.51,21.03,55.00,117.454,best
28.13,27.05,42.05,126.931,best
27.74,25.51,60.26,136.264
42.13,41.92,60.77,145.668,best
33.13,34.10,65.90,155.133
37.85,37.44,65.90,164.373
38.24,38.85,62.44,173.800
54.36,55.64,68.46,183.172,best
43.97,42.82,70.26,192.582
41.91,42.31,75.90,201.992
49.31,48.46,73.46,211.326
48.92,48.59,73.97,220.686
53.09,51.15,71.54,230.115
53.64,51.03,69.10,239.467
54.97,53.59,76.67,248.854
60.92,60.38,75.77,258.269,best
66.98,64.23,81.03,267.712,best
58.59,55.77,79.10,277.097
51.92,48.21,75.64,286.461
62.59,60.00,76.15,295.839
67.26,67.18,79.87,305.205,best
69.21,67.82,74.74,314.634,best
65.37,62.05,78.59,324.096
41.30,40.00,64.10,333.504
59.76,56.03,77.18,342.938
66.09,62.18,78.59,352.344
66.04,63.33,83.72,361.775
68.70,65.38,83.46,371.174
66.09,64.62,80.26,380.550
74.32,70.90,86.54,389.919,best
70.54,64.49,79.62,399.223
73.21,71.92,82.82,408.623,best
67.09,63.08,78.85,418.107
79.71,77.56,87.69,427.564,best
81.27,78.97,90.51,436.984,best
82.32,82.05,90.64,446.392,best
80.77,78.21,88.72,455.810
81.93,79.74,88.97,465.244
80.60,77.44,86.92,474.675
84.16,81.79,90.77,484.078
81.05,77.95,88.21,493.526
80.10,78.72,88.21,502.940
80.93,77.44,89.87,512.346
83.32,81.41,87.69,521.734
77.60,75.64,85.26,531.178
77.15,73.85,86.03,540.560
82.32,82.05,90.64,540.560
