################ TRAINING REPORT #################
# Images path   | dataset\digits\augmented_v456\
# Validation    | 0.30
# Height        | 64
# Width         | 64
# Architecure   | mnist
# Bacth Size    | 128
# Epochs        | 500
# Eval Criteria | 0.80
##################################################
train,validation,test,min,time
0.00,0.00,0.00,0.000
1.83,2.31,42.56,8.132,best
9.45,7.44,48.46,14.572,best
1.83,2.31,31.54,20.670
13.12,12.56,40.38,26.988,best
15.90,14.49,40.90,33.626,best
23.01,21.41,41.67,39.691,best
6.23,5.00,36.79,46.727
14.45,13.46,47.18,52.823
9.89,9.10,39.49,59.122
0.00,0.00,45.38,65.219
11.51,7.82,56.92,71.302
15.84,12.18,51.54,77.909
25.57,22.44,51.15,84.249,best
22.29,20.51,55.00,90.719
21.12,17.44,54.62,96.966
15.73,12.18,42.69,103.456
22.35,18.59,56.28,109.785
23.96,20.64,58.33,115.852
23.85,18.97,53.46,121.947
23.12,20.00,63.46,128.171
35.24,33.59,63.85,134.630,best
36.85,34.49,62.18,141.265,best
30.91,26.79,62.95,147.628
34.13,30.51,65.90,153.746
41.30,37.56,61.79,160.063,best
35.30,32.44,68.97,167.019
51.75,51.41,63.97,173.331,best
36.30,35.51,67.31,180.261
33.07,30.38,63.72,186.387
42.19,37.31,63.85,192.762
38.30,35.00,67.95,199.432
38.47,35.64,54.49,206.076
32.68,28.85,69.10,212.626
38.30,37.18,68.21,218.722
39.41,37.05,73.85,225.117
38.63,36.15,62.31,231.190
52.25,48.33,72.05,237.321
51.75,51.41,63.97,237.321
