################ TRAINING REPORT #################
# Images path   | dataset\fabric\side64\
# Validation    | 0.30
# Height        | 64
# Width         | 64
# Architecure   | 1l_8f_5x5_fc50
# Bacth Size    | 32
# Max epochs    | 500
# Eval Criteria | 0.80
##################################################
train,validation,test,min,time
0.00,0.00,0.00,0.000
5.12,4.19,0.00,6.783,best
27.28,27.13,0.00,12.562,best
29.02,28.83,0.00,18.437,best
41.11,40.76,0.00,23.904,best
57.31,55.18,0.00,29.843,best
66.54,65.14,0.00,35.858,best
71.93,69.72,0.00,41.453,best
76.88,73.66,0.00,47.189,best
80.88,78.11,0.00,53.223,best
84.87,81.91,0.00,58.987,best
90.33,85.45,0.00,64.690,best
91.79,87.55,0.00,70.318,best
94.77,89.12,0.00,76.174,best
96.74,91.74,0.00,81.907,best
97.64,92.40,0.00,88.076,best
98.37,93.84,0.00,93.637,best
99.27,94.23,0.00,99.354,best
99.61,94.76,0.00,104.839,best
98.99,95.67,0.00,110.429,best
99.72,95.81,0.00,116.096,best
99.83,96.07,0.00,122.175,best
99.94,96.46,0.00,128.816,best
99.94,96.46,0.00,134.129
100.00,96.85,0.00,140.190,best
99.94,96.85,0.00,145.866
100.00,96.85,0.00,151.680
100.00,97.38,0.00,157.552,best
100.00,96.99,0.00,163.350
100.00,97.38,0.00,169.034
100.00,97.64,0.00,174.877,best
100.00,97.51,0.00,180.765
100.00,97.25,0.00,186.288
100.00,97.51,0.00,192.260
100.00,98.03,0.00,197.995,best
100.00,97.64,0.00,203.775
100.00,97.90,0.00,209.728
100.00,98.03,0.00,215.431
100.00,97.90,0.00,221.303
100.00,97.90,0.00,226.991
100.00,97.90,0.00,232.710
100.00,97.77,0.00,238.255
100.00,98.30,0.00,244.036,best
100.00,97.77,0.00,249.600
100.00,98.17,0.00,255.442
100.00,97.12,0.00,261.332
100.00,97.90,0.00,267.018
100.00,97.77,0.00,273.064
100.00,98.03,0.00,278.589
100.00,98.30,0.00,284.322
100.00,98.30,0.00,289.961
100.00,98.03,0.00,295.659
100.00,98.17,0.00,301.506
100.00,98.30,0.00,301.506
