################ TRAINING REPORT #################
# Images path   | dataset\fabric\side64\
# Validation    | 0.30
# Height        | 64
# Width         | 64
# Architecure   | 1l_8f_5x5_fc50
# Bacth Size    | 32
# Max epochs    | 500
# Eval Criteria | 0.80
##################################################
train,validation,test,min,time
0.00,0.00,0.00,0.000
7.59,8.26,0.00,6.846,best
22.16,21.49,0.00,12.305,best
28.35,28.18,0.00,17.852,best
48.76,47.71,0.00,23.386,best
62.88,61.47,0.00,29.419,best
70.30,68.94,0.00,34.781,best
75.70,72.08,0.00,40.342,best
78.97,75.75,0.00,46.216,best
83.30,78.51,0.00,51.858,best
86.33,79.82,0.00,57.170,best
90.38,84.01,0.00,62.732,best
92.52,86.76,0.00,68.412,best
93.98,88.47,0.00,73.816,best
96.18,90.30,0.00,79.598,best
97.81,91.09,0.00,85.207,best
98.54,92.53,0.00,91.276,best
99.16,93.71,0.00,97.118,best
99.33,94.23,0.00,102.247,best
99.10,93.05,0.00,107.715
99.78,95.67,0.00,114.055,best
100.00,95.28,0.00,119.274
100.00,95.54,0.00,124.805
100.00,96.07,0.00,130.461,best
100.00,95.67,0.00,135.913
100.00,95.54,0.00,141.676
100.00,96.46,0.00,147.158,best
100.00,96.07,0.00,152.783
100.00,96.33,0.00,158.860
100.00,96.99,0.00,164.579,best
100.00,97.38,0.00,170.106,best
100.00,96.46,0.00,175.609
100.00,95.54,0.00,181.666
100.00,97.51,0.00,187.278,best
100.00,97.12,0.00,192.544
100.00,97.25,0.00,198.653
100.00,97.51,0.00,203.855
100.00,96.99,0.00,209.615
100.00,97.38,0.00,215.118
100.00,97.38,0.00,221.055
100.00,97.25,0.00,226.709
100.00,96.72,0.00,232.284
100.00,97.38,0.00,237.724
100.00,97.51,0.00,243.333
100.00,97.51,0.00,243.333
