################ TRAINING REPORT #################
# Images path   | dataset\fabric\side64\
# Validation    | 0.30
# Height        | 64
# Width         | 64
# Architecure   | 1l_8f_5x5_fc50
# Bacth Size    | 32
# Max epochs    | 500
# Eval Criteria | 0.80
##################################################
train,validation,test,min,time
0.00,0.00,0.00,0.000
0.00,0.00,0.00,6.631
24.41,22.80,0.00,12.081,best
28.97,28.57,0.00,18.050,best
43.42,41.68,0.00,23.924,best
56.41,55.70,0.00,29.384,best
65.97,65.27,0.00,35.257,best
69.18,67.50,0.00,40.440,best
71.99,69.99,0.00,45.854,best
76.21,73.00,0.00,51.190,best
79.53,76.54,0.00,55.194,best
82.73,79.55,0.00,58.944,best
86.00,82.83,0.00,63.320,best
89.26,85.32,0.00,67.976,best
91.17,87.81,0.00,73.858,best
93.53,89.52,0.00,78.672,best
94.60,90.69,0.00,84.222,best
96.51,92.40,0.00,89.613,best
97.30,93.05,0.00,94.640,best
97.53,94.10,0.00,99.651,best
98.59,94.10,0.00,103.470
99.04,95.02,0.00,107.051,best
99.27,95.41,0.00,110.598,best
99.21,95.41,0.00,114.085
99.49,95.94,0.00,117.716,best
99.66,96.33,0.00,121.439,best
99.83,96.99,0.00,124.946,best
99.94,96.59,0.00,128.367
99.94,96.99,0.00,131.675
99.94,96.59,0.00,135.519
99.94,97.38,0.00,139.193,best
100.00,96.99,0.00,142.751
100.00,97.51,0.00,146.390,best
100.00,97.25,0.00,150.402
100.00,97.64,0.00,154.015,best
100.00,97.12,0.00,157.682
100.00,97.25,0.00,161.000
100.00,97.77,0.00,164.793,best
100.00,98.17,0.00,168.602,best
100.00,97.38,0.00,172.865
100.00,96.85,0.00,177.046
100.00,97.90,0.00,180.435
100.00,97.90,0.00,184.342
100.00,97.90,0.00,187.724
100.00,97.51,0.00,191.267
100.00,98.03,0.00,195.647
100.00,98.03,0.00,199.348
100.00,98.30,0.00,203.095,best
100.00,97.90,0.00,206.603
100.00,97.64,0.00,210.150
100.00,98.30,0.00,213.994
100.00,97.51,0.00,217.534
100.00,97.90,0.00,220.874
100.00,98.03,0.00,224.639
100.00,98.17,0.00,228.205
100.00,98.17,0.00,231.831
100.00,98.17,0.00,235.275
100.00,98.03,0.00,239.053
100.00,98.30,0.00,239.053
