################ TRAINING REPORT #################
# Images path   | dataset\fabric\side64\
# Validation    | 0.30
# Height        | 64
# Width         | 64
# Architecure   | 1l_8f_5x5_fc50
# Bacth Size    | 32
# Max epochs    | 500
# Eval Criteria | 0.80
##################################################
train,validation,test,min,time
0.00,0.00,0.00,0.000
0.34,0.13,0.00,6.552,best
18.95,19.00,0.00,11.961,best
48.65,47.71,0.00,17.787,best
60.80,60.55,0.00,23.676,best
66.14,64.88,0.00,29.269,best
71.03,68.15,0.00,34.715,best
76.04,72.74,0.00,40.462,best
79.02,75.10,0.00,46.116,best
83.41,78.24,0.00,51.616,best
87.46,81.78,0.00,57.239,best
91.06,84.40,0.00,63.159,best
92.91,85.58,0.00,68.828,best
94.38,87.81,0.00,74.095,best
96.23,89.65,0.00,79.562,best
97.24,90.04,0.00,85.057,best
97.86,91.87,0.00,90.279,best
98.76,92.79,0.00,96.186,best
99.04,93.32,0.00,101.741,best
99.49,94.10,0.00,107.361,best
99.72,94.76,0.00,112.985,best
99.83,95.15,0.00,118.204,best
99.83,95.28,0.00,123.781,best
100.00,95.28,0.00,129.629
99.89,95.54,0.00,135.425,best
100.00,96.20,0.00,141.300,best
100.00,96.46,0.00,146.667,best
100.00,96.46,0.00,152.038
100.00,95.81,0.00,158.019
100.00,96.46,0.00,163.736
100.00,96.20,0.00,169.164
100.00,96.59,0.00,174.828,best
100.00,96.59,0.00,180.670
100.00,96.85,0.00,186.105,best
100.00,96.85,0.00,191.984
100.00,96.72,0.00,197.711
100.00,97.38,0.00,203.569,best
100.00,97.12,0.00,209.480
100.00,97.38,0.00,215.948
100.00,97.12,0.00,221.758
100.00,97.51,0.00,227.226,best
100.00,97.25,0.00,232.739
100.00,97.64,0.00,238.629,best
100.00,97.38,0.00,244.485
100.00,97.38,0.00,250.235
100.00,97.77,0.00,255.906,best
100.00,98.03,0.00,261.669,best
100.00,98.30,0.00,267.401,best
100.00,98.17,0.00,273.149
100.00,97.51,0.00,279.448
100.00,97.51,0.00,285.063
100.00,98.17,0.00,290.854
100.00,97.90,0.00,296.959
100.00,98.17,0.00,302.613
100.00,98.03,0.00,308.408
100.00,98.03,0.00,314.515
100.00,98.30,0.00,320.437
100.00,97.90,0.00,326.409
100.00,98.30,0.00,326.409
