################ TRAINING REPORT #################
# Images path   | dataset\fabric\side64\
# Validation    | 0.30
# Height        | 64
# Width         | 64
# Architecure   | 1l_8f_5x5_fc50
# Bacth Size    | 32
# Max epochs    | 500
# Eval Criteria | 0.80
##################################################
train,validation,test,min,time
0.00,0.00,0.00,0.000
11.70,11.93,0.00,7.356,best
17.44,16.78,0.00,13.591,best
41.51,41.02,0.00,18.974,best
51.01,50.33,0.00,24.506,best
64.74,62.52,0.00,30.505,best
70.47,68.15,0.00,36.144,best
77.95,76.41,0.00,42.206,best
82.34,80.47,0.00,47.761,best
86.90,84.01,0.00,53.605,best
91.23,87.42,0.00,59.463,best
93.14,89.12,0.00,65.633,best
94.88,90.69,0.00,71.791,best
96.06,93.45,0.00,77.338,best
97.53,93.58,0.00,83.002,best
98.14,94.50,0.00,89.146,best
99.10,95.28,0.00,95.317,best
99.61,95.81,0.00,101.192,best
99.44,95.81,0.00,106.816
99.83,96.33,0.00,112.690,best
99.89,96.07,0.00,118.255
99.94,96.33,0.00,124.207
100.00,96.59,0.00,129.846,best
100.00,96.85,0.00,135.690,best
100.00,96.99,0.00,141.565,best
100.00,96.85,0.00,147.316
100.00,97.64,0.00,152.927,best
100.00,96.99,0.00,158.529
100.00,97.25,0.00,164.576
100.00,97.64,0.00,170.433
100.00,97.77,0.00,176.092,best
100.00,97.77,0.00,182.093
100.00,97.90,0.00,187.702,best
100.00,97.51,0.00,193.487
100.00,97.77,0.00,199.137
100.00,97.77,0.00,205.128
100.00,97.90,0.00,211.142
100.00,98.30,0.00,217.040,best
100.00,98.03,0.00,222.816
100.00,98.30,0.00,228.316
100.00,97.77,0.00,234.221
100.00,98.03,0.00,240.348
100.00,98.03,0.00,245.861
100.00,98.30,0.00,252.717
100.00,98.03,0.00,259.281
100.00,98.30,0.00,264.921
100.00,98.17,0.00,270.546
100.00,98.03,0.00,276.594
100.00,98.30,0.00,276.594
