################ TRAINING REPORT #################
# Images path   | dataset\fabric\side64\
# Validation    | 0.30
# Height        | 64
# Width         | 64
# Architecure   | 1l_8f_5x5_fc50
# Bacth Size    | 32
# Max epochs    | 500
# Eval Criteria | 0.80
##################################################
train,validation,test,min,time
0.00,0.00,0.00,0.000
0.00,0.00,0.00,6.620
25.70,25.82,0.00,12.569,best
30.03,30.01,0.00,18.070,best
58.21,58.06,0.00,23.536,best
67.21,67.63,0.00,29.178,best
73.00,71.30,0.00,35.340,best
77.05,74.18,0.00,40.809,best
81.10,78.51,0.00,46.167,best
84.31,80.87,0.00,51.616,best
88.47,85.19,0.00,57.158,best
90.72,87.02,0.00,62.878,best
93.25,88.47,0.00,68.276,best
94.54,90.17,0.00,73.850,best
96.57,91.74,0.00,79.289,best
97.30,92.14,0.00,84.618,best
97.92,93.71,0.00,90.296,best
98.93,94.76,0.00,95.888,best
99.10,94.50,0.00,101.996
99.33,95.54,0.00,107.916,best
99.38,95.67,0.00,113.471,best
99.10,95.94,0.00,119.031,best
99.78,96.33,0.00,124.755,best
99.89,96.46,0.00,130.194,best
99.94,96.72,0.00,136.021,best
99.78,97.51,0.00,141.738,best
99.94,96.85,0.00,147.535
99.94,97.38,0.00,153.893
100.00,96.85,0.00,159.328
100.00,97.64,0.00,165.001,best
99.94,96.72,0.00,170.781
100.00,97.77,0.00,176.460,best
100.00,97.64,0.00,181.976
100.00,97.38,0.00,187.710
100.00,97.77,0.00,193.474
100.00,97.64,0.00,199.003
100.00,97.64,0.00,205.157
100.00,96.72,0.00,210.751
100.00,97.90,0.00,216.736,best
100.00,97.64,0.00,222.421
100.00,97.90,0.00,228.090
100.00,97.64,0.00,233.900
100.00,96.99,0.00,239.227
100.00,97.77,0.00,245.350
100.00,97.77,0.00,251.005
100.00,98.03,0.00,256.552,best
100.00,97.77,0.00,262.473
100.00,97.64,0.00,268.193
100.00,98.03,0.00,273.726
100.00,97.90,0.00,279.203
100.00,97.90,0.00,285.111
100.00,97.90,0.00,291.218
100.00,97.38,0.00,296.990
100.00,97.90,0.00,302.666
100.00,97.90,0.00,308.589
100.00,98.03,0.00,314.570
100.00,98.03,0.00,314.570
