################ TRAINING REPORT #################
# Images path   | dataset\fabric\side64\
# Validation    | 0.30
# Height        | 64
# Width         | 64
# Architecure   | 1l_8f_5x5_fc50
# Bacth Size    | 32
# Max epochs    | 500
# Eval Criteria | 0.80
##################################################
train,validation,test,min,time
0.00,0.00,0.00,0.000
0.00,0.00,0.00,6.368
14.29,14.29,0.00,11.650,best
37.91,36.57,0.00,17.290,best
58.94,57.27,0.00,23.071,best
70.53,68.81,0.00,28.773,best
76.43,73.66,0.00,34.585,best
81.27,74.84,0.00,39.723,best
83.91,79.29,0.00,45.324,best
88.92,84.01,0.00,50.769,best
90.21,84.14,0.00,57.226,best
92.97,87.16,0.00,62.570,best
95.11,88.99,0.00,68.550,best
96.63,90.17,0.00,73.987,best
96.79,92.53,0.00,79.517,best
98.31,91.22,0.00,84.924
98.76,92.01,0.00,90.523
99.72,95.02,0.00,96.472,best
99.89,94.63,0.00,102.119
99.83,95.02,0.00,108.042
99.66,94.76,0.00,113.406
99.94,96.07,0.00,119.093,best
99.72,95.67,0.00,124.591
99.94,96.33,0.00,129.855,best
99.94,96.07,0.00,135.695
99.94,96.59,0.00,141.755,best
100.00,96.72,0.00,147.738,best
100.00,96.99,0.00,153.361,best
100.00,96.33,0.00,158.967
100.00,97.51,0.00,164.027,best
100.00,96.59,0.00,169.853
100.00,97.90,0.00,175.086,best
100.00,97.38,0.00,180.774
100.00,97.38,0.00,186.743
100.00,98.17,0.00,192.444,best
100.00,97.38,0.00,197.366
100.00,97.90,0.00,202.880
100.00,98.30,0.00,208.656,best
100.00,98.17,0.00,214.200
100.00,98.30,0.00,219.566
100.00,98.03,0.00,224.910
100.00,98.03,0.00,230.822
100.00,98.17,0.00,236.773
100.00,97.25,0.00,242.646
100.00,97.90,0.00,248.243
100.00,97.90,0.00,253.993
100.00,98.69,0.00,259.682,best
100.00,97.90,0.00,265.528
100.00,98.30,0.00,270.945
100.00,98.43,0.00,276.915
100.00,98.56,0.00,282.507
100.00,97.64,0.00,288.113
100.00,98.56,0.00,293.768
100.00,98.43,0.00,299.344
100.00,97.90,0.00,305.233
100.00,98.43,0.00,310.778
100.00,98.43,0.00,316.245
100.00,98.69,0.00,316.245
