################ TRAINING REPORT #################
# Images path   | dataset\fabric\side64\
# Validation    | 0.30
# Height        | 64
# Width         | 64
# Architecure   | 1l_8f_5x5_fc50
# Bacth Size    | 32
# Max epochs    | 500
# Eval Criteria | 0.80
##################################################
train,validation,test,min,time
0.00,0.00,0.00,0.000
14.23,14.29,0.00,6.616,best
27.95,27.79,0.00,12.144,best
42.13,41.68,0.00,17.659,best
60.29,58.58,0.00,23.469,best
67.60,66.06,0.00,28.888,best
70.08,68.68,0.00,34.466,best
71.32,69.86,0.00,40.026,best
73.34,71.95,0.00,45.588,best
77.17,74.31,0.00,51.166,best
79.58,76.28,0.00,57.087,best
84.25,80.47,0.00,62.512,best
86.28,82.96,0.00,67.700,best
88.47,84.53,0.00,73.277,best
91.90,85.71,0.00,79.027,best
93.64,88.34,0.00,84.706,best
94.99,89.91,0.00,90.516,best
96.23,90.83,0.00,96.592,best
97.30,91.87,0.00,101.903,best
97.81,92.27,0.00,107.466,best
98.14,92.79,0.00,112.964,best
98.99,93.84,0.00,118.370,best
99.38,93.97,0.00,124.151,best
99.66,95.02,0.00,129.586,best
99.78,94.76,0.00,135.117
99.78,95.81,0.00,140.883,best
99.83,95.81,0.00,146.397
99.89,95.67,0.00,152.270
100.00,95.81,0.00,157.861
99.78,95.81,0.00,163.532
99.94,95.81,0.00,169.528
99.94,96.99,0.00,175.683,best
100.00,96.85,0.00,181.549
100.00,97.38,0.00,187.423,best
100.00,97.12,0.00,193.141
100.00,97.51,0.00,198.438,best
100.00,97.12,0.00,204.578
100.00,97.38,0.00,210.536
100.00,97.25,0.00,216.338
100.00,97.64,0.00,222.411,best
100.00,97.38,0.00,227.925
100.00,97.51,0.00,233.824
100.00,97.51,0.00,239.540
100.00,97.77,0.00,245.133,best
100.00,97.38,0.00,250.618
100.00,97.51,0.00,256.744
100.00,97.77,0.00,262.677
100.00,97.64,0.00,268.428
100.00,97.90,0.00,274.006,best
100.00,97.51,0.00,279.661
100.00,97.77,0.00,285.689
100.00,98.03,0.00,291.297,best
100.00,97.51,0.00,297.220
100.00,97.64,0.00,303.123
100.00,97.51,0.00,309.106
100.00,98.30,0.00,314.669,best
100.00,97.90,0.00,320.194
100.00,98.03,0.00,325.885
100.00,97.77,0.00,331.148
100.00,97.90,0.00,336.517
100.00,98.03,0.00,342.017
100.00,97.77,0.00,347.862
100.00,97.77,0.00,353.728
100.00,97.51,0.00,359.798
100.00,97.90,0.00,365.327
100.00,97.90,0.00,371.015
100.00,98.30,0.00,371.015
