################ TRAINING REPORT #################
# Images path   | dataset\fabric\side64\
# Validation    | 0.30
# Height        | 64
# Width         | 64
# Architecure   | 1l_8f_5x5_fc50
# Bacth Size    | 32
# Max epochs    | 500
# Eval Criteria | 0.80
##################################################
train,validation,test,min,time
0.00,0.00,0.00,0.000
6.52,6.29,0.00,6.939,best
24.52,23.46,0.00,12.415,best
35.26,36.04,0.00,18.229,best
53.32,52.29,0.00,23.729,best
65.19,64.35,0.00,29.417,best
69.57,68.15,0.00,35.277,best
73.68,71.17,0.00,40.794,best
76.32,74.31,0.00,46.994,best
79.92,76.28,0.00,52.806,best
83.35,80.34,0.00,58.431,best
85.26,82.44,0.00,64.086,best
89.48,84.67,0.00,70.129,best
92.41,86.50,0.00,75.924,best
93.59,87.81,0.00,81.533,best
95.78,90.17,0.00,86.908,best
96.79,91.22,0.00,92.579,best
97.24,92.92,0.00,98.298,best
98.14,93.84,0.00,103.469,best
98.37,94.36,0.00,109.079,best
98.93,95.54,0.00,114.679,best
99.10,95.28,0.00,120.423
99.61,95.67,0.00,125.999,best
99.33,96.20,0.00,131.454,best
99.78,96.59,0.00,137.592,best
99.72,96.72,0.00,143.498,best
99.72,96.99,0.00,149.187,best
99.89,97.38,0.00,155.296,best
99.94,97.64,0.00,161.344,best
99.94,97.38,0.00,167.343
100.00,97.38,0.00,172.897
100.00,97.51,0.00,178.645
100.00,97.64,0.00,184.516
100.00,97.51,0.00,190.140
100.00,98.17,0.00,195.808,best
100.00,98.30,0.00,201.824,best
100.00,97.90,0.00,207.405
100.00,98.56,0.00,212.826,best
100.00,97.51,0.00,218.199
100.00,98.30,0.00,224.230
100.00,98.43,0.00,230.246
100.00,98.30,0.00,235.667
100.00,98.30,0.00,241.040
100.00,98.43,0.00,246.604
100.00,98.69,0.00,252.511,best
100.00,98.43,0.00,258.057
100.00,98.56,0.00,263.594
100.00,98.43,0.00,269.720
100.00,98.69,0.00,275.420
100.00,98.30,0.00,281.403
100.00,98.03,0.00,286.622
100.00,98.82,0.00,292.538,best
100.00,97.77,0.00,298.046
100.00,98.03,0.00,303.589
100.00,98.30,0.00,309.447
100.00,98.30,0.00,315.086
100.00,98.82,0.00,320.993
100.00,98.30,0.00,326.314
100.00,98.56,0.00,332.132
100.00,97.38,0.00,338.263
100.00,98.43,0.00,344.314
100.00,98.30,0.00,349.906
100.00,98.82,0.00,349.906
