################ TRAINING REPORT #################
# Images path   | dataset\fabric\side64\
# Validation    | 0.30
# Height        | 64
# Width         | 64
# Architecure   | 1l_8f_5x5_fc50
# Bacth Size    | 32
# Max epochs    | 500
# Eval Criteria | 0.80
##################################################
train,validation,test,min,time
0.00,0.00,0.00,0.000
0.00,0.00,0.00,7.108
24.41,24.12,0.00,12.591,best
43.36,42.33,0.00,17.981,best
65.69,65.27,0.00,23.695,best
69.40,69.07,0.00,29.491,best
71.37,70.25,0.00,34.958,best
74.75,73.79,0.00,40.631,best
79.81,77.85,0.00,45.864,best
84.81,82.18,0.00,51.241,best
87.80,85.06,0.00,57.332,best
91.96,88.34,0.00,62.817,best
94.04,90.56,0.00,68.281,best
95.95,91.74,0.00,74.100,best
96.68,93.58,0.00,79.739,best
97.47,93.58,0.00,85.346
98.48,94.63,0.00,91.093,best
98.65,95.02,0.00,96.701,best
98.88,95.67,0.00,102.529,best
99.21,96.07,0.00,108.420,best
99.49,95.81,0.00,114.127
99.55,96.07,0.00,119.893
99.21,95.41,0.00,125.906
99.83,96.07,0.00,131.312
99.78,96.20,0.00,136.887,best
100.00,96.33,0.00,142.480,best
99.72,95.67,0.00,148.152
100.00,96.20,0.00,153.586
100.00,97.25,0.00,159.399,best
100.00,96.33,0.00,164.628
100.00,96.99,0.00,170.501
100.00,96.72,0.00,176.423
100.00,96.33,0.00,182.234
100.00,97.38,0.00,187.695,best
100.00,96.85,0.00,193.336
100.00,96.72,0.00,199.071
100.00,96.72,0.00,204.778
100.00,97.51,0.00,210.636,best
100.00,97.25,0.00,216.183
100.00,97.38,0.00,221.538
100.00,97.12,0.00,227.646
100.00,97.64,0.00,232.983,best
100.00,97.38,0.00,238.342
100.00,97.64,0.00,243.965
100.00,98.17,0.00,250.010,best
100.00,98.17,0.00,255.573
100.00,97.64,0.00,261.495
100.00,97.77,0.00,267.484
100.00,97.77,0.00,273.438
100.00,97.51,0.00,278.821
100.00,97.25,0.00,284.360
100.00,98.03,0.00,289.960
100.00,97.90,0.00,295.504
100.00,97.90,0.00,301.384
100.00,97.51,0.00,306.985
100.00,98.17,0.00,306.985
