################ TRAINING REPORT #################
# Images path   | dataset\fabric\side64\
# Validation    | 0.30
# Height        | 64
# Width         | 64
# Architecure   | 1l_8f_5x5_fc50
# Bacth Size    | 32
# Max epochs    | 500
# Eval Criteria | 0.80
##################################################
train,validation,test,min,time
0.00,0.00,0.00,0.000
2.14,1.70,0.00,6.624,best
17.60,16.51,0.00,12.062,best
39.09,38.53,0.00,17.685,best
56.24,55.44,0.00,23.416,best
68.79,66.19,0.00,28.900,best
74.97,72.21,0.00,34.975,best
82.28,77.33,0.00,39.986,best
87.23,81.52,0.00,45.466,best
90.89,84.14,0.00,50.779,best
92.97,87.81,0.00,56.262,best
96.46,90.69,0.00,61.498,best
96.74,91.35,0.00,67.179,best
98.82,93.45,0.00,72.850,best
99.10,94.63,0.00,78.213,best
99.33,95.41,0.00,83.763,best
99.72,97.12,0.00,89.540,best
99.78,96.85,0.00,95.227
99.78,96.99,0.00,101.368
100.00,97.38,0.00,106.913,best
100.00,97.64,0.00,112.694,best
99.94,96.72,0.00,118.384
99.94,98.43,0.00,124.550,best
100.00,98.30,0.00,130.069
100.00,97.90,0.00,136.074
100.00,98.03,0.00,141.667
100.00,98.30,0.00,147.393
100.00,98.69,0.00,153.065,best
100.00,98.43,0.00,158.533
100.00,98.30,0.00,164.311
100.00,98.43,0.00,170.227
100.00,98.56,0.00,175.632
100.00,98.56,0.00,181.507
100.00,98.82,0.00,187.209,best
100.00,98.95,0.00,192.818,best
100.00,98.69,0.00,198.038
100.00,98.69,0.00,203.769
100.00,98.43,0.00,209.549
100.00,97.77,0.00,215.581
100.00,98.30,0.00,221.360
100.00,98.17,0.00,227.171
100.00,98.82,0.00,232.887
100.00,98.69,0.00,238.449
100.00,98.30,0.00,243.651
100.00,98.17,0.00,249.572
100.00,98.95,0.00,249.572
