################ TRAINING REPORT #################
# Images path   | dataset\fabric\side64\
# Validation    | 0.30
# Height        | 64
# Width         | 64
# Architecure   | 1l_8f_5x5_fc50
# Bacth Size    | 32
# Max epochs    | 500
# Eval Criteria | 0.80
##################################################
train,validation,test,min,time
0.00,0.00,0.00,0.000
10.18,9.70,0.00,4.818,best
15.19,14.81,0.00,8.316,best
38.47,38.66,0.00,11.884,best
55.62,54.91,0.00,15.390,best
65.86,64.48,0.00,19.160,best
70.64,69.33,0.00,23.056,best
74.75,72.87,0.00,26.656,best
79.30,74.71,0.00,30.392,best
83.01,78.37,0.00,34.017,best
87.12,80.47,0.00,37.981,best
89.93,84.01,0.00,41.405,best
92.58,85.71,0.00,45.292,best
94.04,86.89,0.00,49.082,best
96.06,88.60,0.00,52.617,best
97.13,89.38,0.00,56.025,best
97.98,90.96,0.00,59.853,best
98.43,92.01,0.00,63.588,best
99.10,93.45,0.00,67.089,best
99.66,94.50,0.00,70.550,best
99.72,95.28,0.00,74.162,best
99.89,95.28,0.00,77.668
99.89,95.41,0.00,81.377,best
99.94,96.20,0.00,85.092,best
100.00,96.85,0.00,88.834,best
100.00,96.99,0.00,92.360,best
100.00,96.85,0.00,95.716
100.00,96.33,0.00,99.501
100.00,97.12,0.00,103.316,best
99.89,96.72,0.00,106.875
100.00,96.20,0.00,110.614
100.00,97.38,0.00,114.232,best
100.00,97.38,0.00,117.883
100.00,97.38,0.00,121.561
100.00,97.38,0.00,125.034
100.00,97.38,0.00,128.662
100.00,97.64,0.00,132.321,best
100.00,97.38,0.00,135.931
100.00,97.38,0.00,139.735
100.00,97.64,0.00,143.512
100.00,97.12,0.00,147.238
100.00,97.64,0.00,150.964
100.00,97.64,0.00,154.845
100.00,97.38,0.00,158.577
100.00,97.90,0.00,162.175,best
100.00,97.64,0.00,165.738
100.00,97.64,0.00,169.651
100.00,97.77,0.00,173.376
100.00,97.77,0.00,177.314
100.00,97.77,0.00,181.183
100.00,98.03,0.00,184.755,best
100.00,97.90,0.00,188.393
100.00,97.77,0.00,192.087
100.00,97.77,0.00,195.831
100.00,98.17,0.00,199.589,best
100.00,97.90,0.00,203.237
100.00,98.17,0.00,207.015
100.00,97.64,0.00,210.567
100.00,98.03,0.00,214.106
100.00,98.17,0.00,217.809
100.00,98.30,0.00,221.612,best
100.00,98.03,0.00,225.318
100.00,97.90,0.00,229.186
100.00,98.03,0.00,232.915
100.00,98.03,0.00,236.728
100.00,98.03,0.00,240.479
100.00,97.90,0.00,244.108
100.00,98.30,0.00,247.777
100.00,98.30,0.00,251.498
100.00,98.03,0.00,255.193
100.00,97.90,0.00,258.786
100.00,98.30,0.00,258.786
