################ TRAINING REPORT #################
# Images path   | dataset\fabric\side64\
# Validation    | 0.30
# Height        | 64
# Width         | 64
# Architecure   | 1l_8f_5x5_fc50
# Bacth Size    | 32
# Max epochs    | 500
# Eval Criteria | 0.80
##################################################
train,validation,test,min,time
0.00,0.00,0.00,0.000
1.01,0.92,0.00,6.998,best
18.05,17.82,0.00,12.964,best
35.10,32.63,0.00,18.528,best
52.81,52.82,0.00,24.044,best
65.86,64.35,0.00,29.479,best
69.29,68.15,0.00,35.104,best
71.54,69.86,0.00,40.603,best
74.58,71.82,0.00,46.104,best
81.05,77.59,0.00,51.886,best
86.39,81.13,0.00,57.670,best
90.55,85.32,0.00,63.202,best
93.76,88.34,0.00,68.827,best
95.89,90.56,0.00,74.386,best
97.81,91.87,0.00,79.950,best
98.88,92.66,0.00,85.449,best
99.38,93.45,0.00,91.387,best
99.66,94.10,0.00,96.839,best
99.83,94.76,0.00,102.574,best
99.89,95.15,0.00,107.830,best
100.00,96.33,0.00,113.063,best
100.00,96.46,0.00,118.722,best
100.00,96.72,0.00,124.437,best
100.00,96.46,0.00,130.327
100.00,96.99,0.00,135.734,best
100.00,97.25,0.00,141.295,best
100.00,97.12,0.00,146.502
100.00,96.99,0.00,152.043
100.00,97.12,0.00,158.169
100.00,97.51,0.00,163.512,best
100.00,97.64,0.00,168.871,best
100.00,97.38,0.00,174.532
100.00,97.51,0.00,180.203
100.00,97.64,0.00,186.343
100.00,97.38,0.00,191.748
100.00,97.25,0.00,197.651
100.00,97.77,0.00,203.057,best
100.00,97.90,0.00,208.382,best
100.00,97.90,0.00,214.385
100.00,98.03,0.00,219.816,best
100.00,98.03,0.00,225.160
100.00,97.51,0.00,230.831
100.00,97.64,0.00,236.259
100.00,97.51,0.00,241.943
100.00,97.77,0.00,247.740
100.00,97.51,0.00,253.302
100.00,97.90,0.00,258.776
100.00,97.90,0.00,264.271
100.00,98.03,0.00,270.375
100.00,97.90,0.00,275.873
100.00,98.03,0.00,275.873
