################ TRAINING REPORT #################
# Images path   | dataset\fabric\side64\
# Validation    | 0.30
# Height        | 64
# Width         | 64
# Architecure   | 1l_8f_5x5_fc50
# Bacth Size    | 32
# Max epochs    | 500
# Eval Criteria | 0.80
##################################################
train,validation,test,min,time
0.00,0.00,0.00,0.000
11.98,11.27,0.00,6.509,best
26.49,26.87,0.00,12.183,best
41.45,40.50,0.00,18.094,best
62.20,60.42,0.00,23.838,best
69.91,68.94,0.00,29.508,best
73.34,70.90,0.00,35.021,best
77.84,74.05,0.00,40.644,best
82.40,77.06,0.00,46.310,best
85.83,79.95,0.00,51.904,best
89.48,84.01,0.00,58.156,best
91.73,85.71,0.00,63.519,best
94.49,87.29,0.00,69.032,best
96.68,89.38,0.00,74.476,best
97.69,90.43,0.00,80.043,best
98.31,91.87,0.00,85.469,best
98.82,92.66,0.00,90.811,best
98.59,92.79,0.00,96.917,best
98.88,93.18,0.00,102.665,best
99.72,94.76,0.00,108.337,best
99.89,95.02,0.00,113.993,best
99.94,95.15,0.00,119.595,best
100.00,95.81,0.00,125.170,best
100.00,95.81,0.00,130.873
100.00,96.33,0.00,136.403,best
100.00,96.46,0.00,142.016,best
99.94,96.20,0.00,147.746
100.00,96.07,0.00,152.982
100.00,97.25,0.00,158.559,best
100.00,96.85,0.00,164.419
100.00,96.33,0.00,170.260
100.00,96.72,0.00,175.936
100.00,96.85,0.00,181.568
100.00,97.12,0.00,187.129
100.00,97.25,0.00,192.925
100.00,97.64,0.00,198.602,best
100.00,95.67,0.00,204.318
100.00,97.25,0.00,210.184
100.00,97.38,0.00,215.575
100.00,97.25,0.00,221.238
100.00,97.38,0.00,226.722
100.00,97.51,0.00,232.128
100.00,97.77,0.00,238.107,best
100.00,97.77,0.00,243.935
100.00,97.64,0.00,249.685
100.00,97.77,0.00,255.777
100.00,97.77,0.00,261.397
100.00,96.99,0.00,267.383
100.00,97.90,0.00,273.114,best
100.00,98.17,0.00,278.382,best
100.00,97.90,0.00,284.105
100.00,97.38,0.00,289.863
100.00,97.90,0.00,295.642
100.00,98.17,0.00,301.267
100.00,97.77,0.00,307.191
100.00,97.90,0.00,312.591
100.00,97.90,0.00,318.684
100.00,97.38,0.00,324.406
100.00,98.43,0.00,330.436,best
100.00,98.30,0.00,336.077
100.00,97.90,0.00,341.796
100.00,98.17,0.00,347.419
100.00,98.82,0.00,353.511,best
100.00,97.77,0.00,359.478
100.00,97.77,0.00,364.868
100.00,97.25,0.00,370.646
100.00,97.64,0.00,376.286
100.00,98.17,0.00,381.557
100.00,98.43,0.00,387.091
100.00,98.03,0.00,392.619
100.00,98.17,0.00,398.410
100.00,98.17,0.00,403.911
100.00,98.43,0.00,409.317
100.00,98.82,0.00,409.317
