################ TRAINING REPORT #################
# Images path   | dataset\fabric\side64\
# Validation    | 0.30
# Height        | 64
# Width         | 64
# Architecure   | 1l_8f_5x5_fc50
# Bacth Size    | 32
# Max epochs    | 500
# Eval Criteria | 0.80
##################################################
train,validation,test,min,time
0.00,0.00,0.00,0.000
0.00,0.00,0.00,6.735
26.72,26.08,0.00,11.984,best
37.23,38.40,0.00,17.842,best
59.67,58.19,0.00,24.013,best
69.12,68.94,0.00,29.758,best
74.47,72.35,0.00,35.478,best
78.01,75.62,0.00,41.166,best
82.90,79.82,0.00,46.868,best
87.68,83.62,0.00,52.428,best
90.78,87.42,0.00,58.397,best
94.43,88.47,0.00,63.550,best
96.23,91.35,0.00,68.685,best
97.36,92.66,0.00,74.339,best
98.76,92.79,0.00,80.515,best
99.16,94.76,0.00,86.028,best
99.33,94.89,0.00,91.372,best
99.66,94.36,0.00,96.947
99.89,95.28,0.00,102.837,best
99.89,96.59,0.00,108.656,best
99.83,97.12,0.00,114.541,best
99.94,96.85,0.00,120.780
100.00,97.38,0.00,126.813,best
100.00,97.64,0.00,132.325,best
100.00,97.12,0.00,137.606
100.00,97.90,0.00,143.682,best
100.00,97.77,0.00,149.788
100.00,97.64,0.00,155.005
100.00,98.03,0.00,160.973,best
100.00,97.90,0.00,166.490
100.00,98.03,0.00,172.444
100.00,97.90,0.00,177.519
100.00,98.30,0.00,183.093,best
100.00,98.17,0.00,188.575
100.00,98.30,0.00,194.428
100.00,98.03,0.00,199.770
100.00,98.30,0.00,205.187
100.00,98.17,0.00,210.636
100.00,98.30,0.00,216.337
100.00,98.69,0.00,221.811,best
100.00,98.43,0.00,227.249
100.00,98.17,0.00,232.872
100.00,98.43,0.00,238.776
100.00,98.43,0.00,244.011
100.00,98.43,0.00,249.420
100.00,98.56,0.00,255.213
100.00,98.43,0.00,260.977
100.00,98.43,0.00,266.742
100.00,98.56,0.00,272.099
100.00,98.30,0.00,277.473
100.00,98.69,0.00,277.473
