################ TRAINING REPORT #################
# Images path   | dataset\fabric\side64\
# Validation    | 0.30
# Height        | 64
# Width         | 64
# Architecure   | 1l_8f_5x5_fc50
# Bacth Size    | 32
# Max epochs    | 500
# Eval Criteria | 0.80
##################################################
train,validation,test,min,time
0.00,0.00,0.00,0.000
3.37,2.49,0.00,6.806,best
26.55,26.21,0.00,12.443,best
51.18,49.54,0.00,18.010,best
68.11,67.89,0.00,23.491,best
70.75,69.99,0.00,29.192,best
71.09,70.51,0.00,34.833,best
72.50,71.30,0.00,40.300,best
73.96,73.00,0.00,45.973,best
77.17,75.23,0.00,51.458,best
79.75,77.59,0.00,57.676,best
83.46,79.95,0.00,62.983,best
87.23,82.04,0.00,68.632,best
89.60,85.06,0.00,74.351,best
92.13,87.68,0.00,80.303,best
94.99,90.04,0.00,85.833,best
96.91,92.40,0.00,91.065,best
97.47,92.27,0.00,96.407
98.09,93.18,0.00,102.061,best
99.21,94.50,0.00,107.529,best
99.10,94.76,0.00,113.277,best
99.72,94.36,0.00,119.182
99.89,96.07,0.00,124.899,best
99.83,95.81,0.00,130.101
99.89,96.07,0.00,135.572
100.00,96.46,0.00,141.105,best
99.94,97.38,0.00,146.990,best
100.00,97.25,0.00,152.653
99.94,96.20,0.00,157.965
100.00,96.99,0.00,163.745
100.00,97.12,0.00,169.917
100.00,97.38,0.00,175.713
100.00,97.25,0.00,181.270
100.00,97.64,0.00,187.137,best
100.00,97.77,0.00,193.102,best
100.00,97.90,0.00,198.477,best
100.00,97.77,0.00,204.076
100.00,97.38,0.00,209.681
100.00,97.51,0.00,215.461
100.00,97.51,0.00,220.891
100.00,97.51,0.00,226.483
100.00,98.03,0.00,232.044,best
100.00,96.72,0.00,237.402
100.00,97.90,0.00,243.058
100.00,98.03,0.00,248.964
100.00,97.90,0.00,254.670
100.00,97.77,0.00,260.119
100.00,97.64,0.00,266.021
100.00,97.51,0.00,271.928
100.00,98.17,0.00,277.750,best
100.00,97.77,0.00,283.627
100.00,97.77,0.00,288.994
100.00,98.03,0.00,294.424
100.00,97.90,0.00,300.291
100.00,97.90,0.00,306.117
100.00,98.43,0.00,311.628,best
100.00,98.56,0.00,317.503,best
100.00,97.38,0.00,323.419
100.00,98.30,0.00,329.284
100.00,98.30,0.00,334.735
100.00,97.90,0.00,340.108
100.00,98.03,0.00,345.825
100.00,97.90,0.00,351.307
100.00,98.30,0.00,356.988
100.00,97.51,0.00,362.845
100.00,98.17,0.00,368.377
100.00,97.51,0.00,374.573
100.00,98.56,0.00,374.573
