################ TRAINING REPORT #################
# Images path   | dataset\fabric\side64\
# Validation    | 0.30
# Height        | 64
# Width         | 64
# Architecure   | 1l_8f_5x5_fc50
# Bacth Size    | 32
# Max epochs    | 500
# Eval Criteria | 0.80
##################################################
train,validation,test,min,time
0.00,0.00,0.00,0.000
0.00,0.00,0.00,6.579
26.43,25.82,0.00,11.882,best
38.64,37.61,0.00,17.367,best
61.47,61.34,0.00,23.553,best
70.25,69.07,0.00,29.532,best
75.14,73.00,0.00,35.499,best
79.81,76.28,0.00,41.588,best
85.04,80.87,0.00,47.181,best
88.86,84.53,0.00,52.694,best
93.14,87.68,0.00,58.569,best
95.22,90.83,0.00,63.944,best
96.91,92.92,0.00,69.710,best
98.43,94.50,0.00,75.083,best
98.99,95.41,0.00,80.644,best
99.44,96.99,0.00,86.055,best
99.78,97.12,0.00,91.618,best
99.72,97.12,0.00,96.993
99.89,97.64,0.00,103.070,best
99.94,98.03,0.00,108.678,best
99.83,97.64,0.00,114.286
100.00,97.38,0.00,119.925
100.00,98.43,0.00,125.860,best
100.00,98.43,0.00,131.268
100.00,98.69,0.00,136.784,best
100.00,98.43,0.00,142.343
100.00,98.95,0.00,148.156,best
100.00,97.77,0.00,153.588
100.00,97.51,0.00,159.461
100.00,98.69,0.00,165.571
100.00,98.69,0.00,171.538
100.00,98.69,0.00,177.178
100.00,98.43,0.00,182.925
100.00,98.69,0.00,188.910
100.00,98.69,0.00,194.595
100.00,98.69,0.00,199.893
100.00,98.82,0.00,205.331
100.00,98.95,0.00,205.331
