################ TRAINING REPORT #################
# Images path   | dataset\fabric\side64\
# Validation    | 0.30
# Height        | 64
# Width         | 64
# Architecure   | 1l_8f_5x5_fc50
# Bacth Size    | 32
# Max epochs    | 500
# Eval Criteria | 0.80
##################################################
train,validation,test,min,time
0.00,0.00,0.00,0.000
13.61,14.29,0.00,7.172,best
18.22,17.43,0.00,13.734,best
34.25,33.29,0.00,19.730,best
56.13,56.62,0.00,25.859,best
65.47,65.01,0.00,32.480,best
70.47,67.89,0.00,38.664,best
73.68,70.38,0.00,44.646,best
77.17,72.74,0.00,50.842,best
80.88,75.36,0.00,57.477,best
85.43,78.11,0.00,63.974,best
87.74,82.04,0.00,70.496,best
91.06,84.67,0.00,77.206,best
93.25,86.89,0.00,83.394,best
94.60,88.34,0.00,89.797,best
95.33,90.96,0.00,96.156,best
97.08,92.53,0.00,102.497,best
97.75,92.53,0.00,108.059
98.54,93.58,0.00,113.474,best
98.71,93.58,0.00,118.819
99.38,94.89,0.00,124.877,best
99.66,95.41,0.00,128.750,best
99.38,95.54,0.00,133.355,best
99.89,95.81,0.00,137.490,best
99.94,96.20,0.00,142.544,best
99.94,96.33,0.00,147.708,best
99.94,96.85,0.00,152.910,best
99.89,96.72,0.00,158.254
99.94,96.59,0.00,163.487
100.00,96.85,0.00,168.829
100.00,96.72,0.00,174.558
100.00,96.99,0.00,178.839,best
100.00,97.12,0.00,182.947,best
100.00,97.38,0.00,187.989,best
100.00,96.99,0.00,193.222
100.00,97.38,0.00,197.037
100.00,96.85,0.00,201.599
100.00,97.12,0.00,206.916
100.00,97.51,0.00,212.680,best
100.00,97.38,0.00,217.774
100.00,97.90,0.00,222.741,best
100.00,97.38,0.00,227.835
100.00,97.64,0.00,233.067
100.00,97.38,0.00,238.364
100.00,97.38,0.00,243.274
100.00,97.77,0.00,248.586
100.00,97.64,0.00,252.974
100.00,97.77,0.00,258.180
100.00,97.90,0.00,263.443
100.00,97.64,0.00,267.764
100.00,97.25,0.00,272.482
100.00,97.90,0.00,272.482
