################ TRAINING REPORT #################
# Images path   | dataset\fabric\side64\
# Validation    | 0.30
# Height        | 64
# Width         | 64
# Architecure   | 1l_8f_5x5_fc50
# Bacth Size    | 32
# Max epochs    | 500
# Eval Criteria | 0.80
##################################################
train,validation,test,min,time
0.00,0.00,0.00,0.000
0.00,0.00,0.00,7.149
21.15,19.92,0.00,12.849,best
40.44,40.10,0.00,18.443,best
62.65,61.07,0.00,24.138,best
71.20,69.72,0.00,29.497,best
75.82,72.35,0.00,34.981,best
80.37,76.02,0.00,40.604,best
83.91,79.42,0.00,45.805,best
86.73,82.70,0.00,51.570,best
90.10,84.67,0.00,56.990,best
93.19,88.34,0.00,62.584,best
93.70,90.30,0.00,68.338,best
97.36,91.35,0.00,73.726,best
97.92,93.71,0.00,79.164,best
98.20,93.71,0.00,84.552
99.49,96.20,0.00,90.471,best
99.44,96.20,0.00,95.843
99.78,96.72,0.00,101.514,best
99.83,96.99,0.00,107.106,best
99.94,97.25,0.00,112.760,best
99.94,96.72,0.00,118.745
99.94,97.12,0.00,124.194
100.00,97.51,0.00,129.909,best
100.00,97.51,0.00,136.232
100.00,97.51,0.00,142.403
99.94,97.90,0.00,147.983,best
100.00,97.51,0.00,154.012
100.00,97.51,0.00,160.341
100.00,98.17,0.00,165.647,best
100.00,97.90,0.00,171.289
100.00,98.69,0.00,176.958,best
100.00,98.17,0.00,182.678
100.00,97.51,0.00,188.675
100.00,98.03,0.00,194.046
100.00,97.90,0.00,199.842
100.00,97.77,0.00,205.617
100.00,98.03,0.00,211.598
100.00,98.43,0.00,216.923
100.00,98.30,0.00,222.642
100.00,98.17,0.00,228.533
100.00,98.56,0.00,234.030
100.00,98.69,0.00,234.030
