################ TRAINING REPORT #################
# Images path   | dataset\fabric\side64\
# Validation    | 0.30
# Height        | 64
# Width         | 64
# Architecure   | 1l_8f_5x5_fc50
# Bacth Size    | 32
# Max epochs    | 500
# Eval Criteria | 0.80
##################################################
train,validation,test,min,time
0.00,0.00,0.00,0.000
0.17,0.00,0.00,4.786
25.98,25.69,0.00,8.366,best
43.59,43.25,0.00,12.188,best
62.43,62.39,0.00,15.802,best
69.24,69.46,0.00,19.788,best
70.64,70.25,0.00,23.789,best
74.30,72.74,0.00,27.607,best
78.35,76.15,0.00,31.388,best
82.96,79.95,0.00,35.076,best
87.23,83.09,0.00,38.875,best
90.94,86.24,0.00,42.352,best
93.42,88.07,0.00,45.894,best
95.16,90.43,0.00,49.682,best
96.51,91.48,0.00,53.279,best
97.98,92.53,0.00,56.971,best
98.65,93.32,0.00,61.187,best
98.99,94.76,0.00,64.927,best
99.38,95.02,0.00,68.638,best
99.72,95.02,0.00,72.487
99.55,95.81,0.00,75.879,best
100.00,96.59,0.00,79.664,best
99.78,96.72,0.00,83.535,best
99.89,96.59,0.00,87.179
100.00,96.99,0.00,90.894,best
100.00,97.64,0.00,94.658,best
100.00,97.38,0.00,98.154
100.00,97.77,0.00,101.639,best
100.00,97.12,0.00,104.907
100.00,98.30,0.00,108.399,best
100.00,97.90,0.00,111.748
100.00,97.90,0.00,115.335
100.00,98.30,0.00,118.722
100.00,98.43,0.00,122.211,best
100.00,97.64,0.00,126.068
100.00,97.38,0.00,129.470
100.00,98.56,0.00,132.850,best
100.00,97.77,0.00,136.627
100.00,98.56,0.00,140.189
100.00,98.56,0.00,143.892
100.00,97.77,0.00,147.441
100.00,97.51,0.00,150.994
100.00,98.82,0.00,154.603,best
100.00,98.17,0.00,158.041
100.00,98.03,0.00,161.390
100.00,98.43,0.00,165.058
100.00,98.69,0.00,168.691
100.00,98.56,0.00,172.394
100.00,98.82,0.00,175.940
100.00,99.08,0.00,179.549,best
100.00,98.30,0.00,183.269
100.00,98.82,0.00,186.633
100.00,97.77,0.00,190.421
100.00,98.82,0.00,193.966
100.00,98.43,0.00,197.752
100.00,98.43,0.00,201.359
100.00,98.69,0.00,204.862
100.00,98.82,0.00,208.219
100.00,98.82,0.00,212.299
100.00,98.82,0.00,215.505
100.00,99.08,0.00,215.505
