################ TRAINING REPORT #################
# Images path   | dataset\fabric\side64\
# Validation    | 0.30
# Height        | 64
# Width         | 64
# Architecure   | 1l_8f_5x5_fc50
# Bacth Size    | 32
# Max epochs    | 500
# Eval Criteria | 0.80
##################################################
train,validation,test,min,time
0.00,0.00,0.00,0.000
0.11,0.00,0.00,6.617
26.94,26.87,0.00,11.842,best
40.21,38.66,0.00,17.545,best
59.62,59.76,0.00,22.906,best
67.44,67.23,0.00,28.466,best
71.15,69.86,0.00,34.089,best
72.83,71.56,0.00,39.373,best
76.72,74.31,0.00,44.576,best
80.93,77.59,0.00,50.125,best
84.03,81.00,0.00,55.556,best
88.30,85.06,0.00,60.938,best
90.94,86.50,0.00,66.407,best
94.15,89.91,0.00,71.814,best
95.89,91.09,0.00,77.249,best
97.19,91.48,0.00,82.865,best
98.31,92.79,0.00,88.197,best
98.59,93.71,0.00,93.839,best
99.55,94.63,0.00,99.244,best
99.83,95.81,0.00,104.758,best
99.83,95.67,0.00,109.992
99.83,96.07,0.00,115.723,best
99.94,96.85,0.00,121.799,best
99.89,96.99,0.00,127.532,best
99.94,96.85,0.00,133.259
100.00,97.64,0.00,139.116,best
99.94,96.33,0.00,145.290
100.00,97.77,0.00,150.915,best
100.00,97.25,0.00,156.313
100.00,97.90,0.00,161.660,best
100.00,97.64,0.00,167.538
100.00,97.77,0.00,173.474
100.00,98.17,0.00,178.938,best
100.00,97.77,0.00,184.484
100.00,98.30,0.00,190.389,best
100.00,98.30,0.00,195.653
100.00,98.30,0.00,201.636
100.00,98.17,0.00,207.167
100.00,98.30,0.00,212.867
100.00,98.03,0.00,218.154
100.00,98.43,0.00,223.782,best
100.00,98.03,0.00,229.111
100.00,98.30,0.00,235.327
100.00,98.17,0.00,240.888
100.00,98.17,0.00,246.466
100.00,98.30,0.00,252.163
100.00,97.90,0.00,257.616
100.00,98.17,0.00,263.061
100.00,98.17,0.00,268.902
100.00,98.56,0.00,274.251,best
100.00,98.17,0.00,280.130
100.00,98.30,0.00,285.698
100.00,98.17,0.00,291.017
100.00,98.43,0.00,296.844
100.00,98.17,0.00,302.669
100.00,98.43,0.00,308.449
100.00,98.30,0.00,313.727
100.00,98.69,0.00,319.882,best
100.00,98.17,0.00,325.083
100.00,97.77,0.00,330.801
100.00,97.90,0.00,336.234
100.00,98.30,0.00,342.136
100.00,98.30,0.00,347.758
100.00,98.17,0.00,353.177
100.00,98.17,0.00,359.019
100.00,98.43,0.00,364.723
100.00,98.56,0.00,370.869
100.00,98.43,0.00,376.846
100.00,98.69,0.00,376.846
