################ TRAINING REPORT #################
# Images path   | dataset\fabric\side64\
# Validation    | 0.30
# Height        | 64
# Width         | 64
# Architecure   | 1l_8f_5x5_fc50
# Bacth Size    | 32
# Max epochs    | 500
# Eval Criteria | 0.80
##################################################
train,validation,test,min,time
0.00,0.00,0.00,0.000
2.70,2.62,0.00,6.479,best
24.35,23.85,0.00,12.386,best
48.54,48.23,0.00,17.902,best
63.22,63.70,0.00,23.531,best
69.85,68.55,0.00,29.206,best
74.18,71.43,0.00,34.824,best
77.33,74.84,0.00,40.588,best
79.98,77.59,0.00,46.242,best
82.73,79.42,0.00,51.665,best
85.38,82.31,0.00,57.318,best
87.74,84.01,0.00,62.661,best
91.45,87.81,0.00,67.946,best
94.15,90.04,0.00,73.893,best
95.73,89.78,0.00,79.858
96.40,90.69,0.00,85.531,best
97.47,91.61,0.00,91.045,best
97.86,92.79,0.00,96.359,best
98.54,93.32,0.00,101.654,best
99.33,93.71,0.00,107.045,best
99.10,93.97,0.00,112.343,best
99.89,95.15,0.00,117.715,best
99.83,95.54,0.00,123.856,best
99.83,96.33,0.00,129.637,best
99.72,95.94,0.00,135.263
99.94,96.20,0.00,141.120
100.00,96.07,0.00,147.227
100.00,96.33,0.00,153.508
100.00,96.33,0.00,159.084
100.00,97.12,0.00,164.754,best
100.00,96.72,0.00,170.362
100.00,97.77,0.00,176.468,best
100.00,97.12,0.00,182.122
100.00,96.85,0.00,188.014
100.00,97.25,0.00,193.530
100.00,97.51,0.00,198.938
100.00,97.64,0.00,204.375
100.00,97.64,0.00,210.055
100.00,96.59,0.00,216.289
100.00,96.85,0.00,221.713
100.00,97.64,0.00,227.081
100.00,97.25,0.00,232.530
100.00,97.77,0.00,232.530
