################ TRAINING REPORT #################
# Images path   | dataset\fabric\side64\
# Validation    | 0.30
# Height        | 64
# Width         | 64
# Architecure   | 1l_8f_5x5_fc50
# Bacth Size    | 32
# Max epochs    | 500
# Eval Criteria | 0.80
##################################################
train,validation,test,min,time
0.00,0.00,0.00,0.000
5.96,4.19,0.00,6.555,best
27.05,27.39,0.00,12.175,best
39.20,38.53,0.00,17.597,best
52.70,50.46,0.00,23.351,best
64.74,62.39,0.00,28.955,best
70.98,69.86,0.00,35.029,best
75.59,73.26,0.00,40.921,best
79.42,77.20,0.00,46.703,best
83.63,81.00,0.00,52.396,best
87.63,83.88,0.00,58.230,best
90.55,86.50,0.00,63.603,best
93.03,87.55,0.00,69.368,best
94.71,89.78,0.00,75.149,best
95.95,91.48,0.00,81.197,best
96.57,92.92,0.00,87.105,best
97.47,93.32,0.00,92.960,best
98.37,95.15,0.00,98.367,best
98.37,95.81,0.00,104.679,best
98.93,95.81,0.00,110.252
99.44,96.46,0.00,115.952,best
99.61,96.46,0.00,121.436
99.78,96.72,0.00,127.344,best
99.94,97.12,0.00,133.381,best
99.89,97.38,0.00,138.892,best
99.94,97.12,0.00,144.376
99.83,97.51,0.00,150.047,best
100.00,97.51,0.00,155.341
100.00,97.90,0.00,160.792,best
99.94,97.77,0.00,166.776
100.00,98.30,0.00,173.134,best
100.00,98.03,0.00,178.548
100.00,98.03,0.00,184.233
100.00,98.17,0.00,189.976
100.00,98.56,0.00,196.180,best
100.00,98.03,0.00,201.492
100.00,98.43,0.00,207.259
100.00,98.30,0.00,212.822
100.00,98.82,0.00,218.868,best
100.00,98.56,0.00,224.789
100.00,98.69,0.00,230.334
100.00,98.56,0.00,236.348
100.00,98.82,0.00,242.176
100.00,98.82,0.00,247.439
100.00,98.95,0.00,253.204,best
100.00,98.82,0.00,258.537
100.00,98.95,0.00,264.691
100.00,98.69,0.00,270.254
100.00,98.95,0.00,275.520
100.00,98.95,0.00,280.739
100.00,98.95,0.00,286.362
100.00,98.95,0.00,291.854
100.00,99.08,0.00,297.963,best
100.00,99.08,0.00,303.272
100.00,99.08,0.00,309.191
100.00,98.95,0.00,315.033
100.00,99.08,0.00,320.954
100.00,99.08,0.00,326.484
100.00,98.82,0.00,332.263
100.00,98.95,0.00,338.027
100.00,99.21,0.00,343.666,best
100.00,98.95,0.00,349.088
100.00,98.82,0.00,355.111
100.00,99.08,0.00,360.821
100.00,98.95,0.00,366.010
100.00,99.08,0.00,371.553
100.00,98.69,0.00,377.643
100.00,99.08,0.00,383.690
100.00,99.21,0.00,389.110
100.00,99.08,0.00,394.882
100.00,98.56,0.00,401.029
100.00,99.21,0.00,401.029
