################ TRAINING REPORT #################
# Images path   | dataset\fabric\side64\
# Validation    | 0.30
# Height        | 64
# Width         | 64
# Architecure   | 1l_8f_5x5_fc50
# Bacth Size    | 32
# Max epochs    | 500
# Eval Criteria | 0.80
##################################################
train,validation,test,min,time
0.00,0.00,0.00,0.000
5.34,4.72,0.00,6.768,best
16.09,15.86,0.00,12.447,best
36.22,35.39,0.00,17.982,best
58.27,57.40,0.00,23.733,best
70.47,68.81,0.00,29.374,best
80.37,76.41,0.00,35.185,best
87.12,81.39,0.00,40.901,best
92.01,85.32,0.00,46.370,best
94.32,87.81,0.00,52.319,best
96.63,91.22,0.00,58.522,best
98.09,92.53,0.00,63.912,best
99.10,93.58,0.00,69.911,best
99.38,96.07,0.00,75.331,best
99.72,95.28,0.00,81.064
99.83,95.94,0.00,86.953
99.89,95.94,0.00,92.824
100.00,96.20,0.00,98.178,best
100.00,97.38,0.00,103.703,best
100.00,96.85,0.00,109.456
100.00,97.12,0.00,115.270
100.00,97.51,0.00,120.783,best
100.00,97.64,0.00,126.721,best
100.00,97.64,0.00,132.440
100.00,97.38,0.00,138.346
100.00,97.38,0.00,144.375
100.00,98.30,0.00,149.859,best
100.00,97.90,0.00,155.363
100.00,97.77,0.00,160.938
100.00,97.64,0.00,166.767
100.00,97.25,0.00,172.489
100.00,97.64,0.00,178.178
100.00,98.17,0.00,183.929
100.00,97.77,0.00,189.777
100.00,97.51,0.00,195.727
100.00,98.30,0.00,201.116
100.00,98.17,0.00,206.772
100.00,98.30,0.00,206.772
