################ TRAINING REPORT #################
# Images path   | dataset\fabric\side64\
# Validation    | 0.30
# Height        | 64
# Width         | 64
# Architecure   | 1l_8f_5x5_fc50
# Bacth Size    | 32
# Max epochs    | 500
# Eval Criteria | 0.80
##################################################
train,validation,test,min,time
0.00,0.00,0.00,0.000
0.00,0.00,0.00,6.793
27.00,26.61,0.00,12.276,best
38.86,37.75,0.00,18.039,best
62.71,62.39,0.00,23.823,best
69.18,69.33,0.00,29.667,best
70.42,69.72,0.00,35.698,best
72.38,71.30,0.00,41.479,best
74.75,73.92,0.00,47.296,best
78.40,76.54,0.00,52.490,best
83.07,78.51,0.00,58.039,best
86.95,82.57,0.00,63.945,best
89.93,84.93,0.00,69.396,best
92.52,86.76,0.00,74.709,best
94.71,90.04,0.00,80.326,best
96.40,91.22,0.00,86.030,best
96.57,91.87,0.00,91.592,best
98.14,93.32,0.00,97.091,best
98.76,93.84,0.00,102.591,best
99.27,95.02,0.00,108.100,best
99.61,95.02,0.00,113.476
99.66,95.54,0.00,119.524,best
99.44,95.02,0.00,124.936
99.89,96.20,0.00,130.717,best
99.89,96.20,0.00,136.346
99.94,96.20,0.00,142.256
100.00,97.12,0.00,147.975,best
100.00,97.12,0.00,153.412
100.00,96.85,0.00,159.457
100.00,96.99,0.00,164.926
100.00,97.77,0.00,170.909,best
100.00,97.51,0.00,176.688
100.00,97.51,0.00,181.999
100.00,97.90,0.00,188.276,best
100.00,97.77,0.00,193.885
100.00,98.03,0.00,199.479,best
100.00,97.77,0.00,205.086
100.00,97.25,0.00,210.711
100.00,97.90,0.00,216.630
100.00,98.03,0.00,222.438
100.00,98.30,0.00,228.296,best
100.00,97.77,0.00,233.453
100.00,98.30,0.00,238.999
100.00,97.90,0.00,245.114
100.00,98.17,0.00,250.798
100.00,98.30,0.00,256.598
100.00,98.43,0.00,262.554,best
100.00,98.56,0.00,268.052,best
100.00,98.69,0.00,273.974,best
100.00,98.43,0.00,279.709
100.00,98.56,0.00,285.645
100.00,98.43,0.00,291.426
100.00,98.43,0.00,297.239
100.00,98.69,0.00,303.065
100.00,98.43,0.00,308.969
100.00,98.69,0.00,314.798
100.00,98.56,0.00,320.348
100.00,98.69,0.00,326.286
100.00,98.69,0.00,331.598
100.00,98.69,0.00,331.598
