################ TRAINING REPORT #################
# Images path   | dataset\fabric\side64\
# Validation    | 0.30
# Height        | 64
# Width         | 64
# Architecure   | 1l_8f_5x5_fc50
# Bacth Size    | 32
# Max epochs    | 500
# Eval Criteria | 0.80
##################################################
train,validation,test,min,time
0.00,0.00,0.00,0.000
0.00,0.00,0.00,6.825
20.08,19.27,0.00,12.744,best
42.46,43.51,0.00,17.946,best
64.62,62.65,0.00,23.924,best
69.52,68.28,0.00,29.925,best
71.09,69.72,0.00,35.346,best
76.21,72.35,0.00,40.970,best
81.16,77.33,0.00,46.440,best
86.90,82.44,0.00,51.859,best
90.33,85.06,0.00,57.249,best
93.93,88.07,0.00,62.606,best
95.84,90.69,0.00,68.435,best
97.08,91.61,0.00,74.125,best
97.58,92.66,0.00,79.984,best
98.93,94.10,0.00,85.481,best
99.21,95.41,0.00,90.825,best
99.49,95.94,0.00,96.714,best
99.55,96.33,0.00,102.590,best
99.78,96.46,0.00,107.986,best
99.94,96.33,0.00,113.880
99.94,96.59,0.00,119.753,best
99.94,96.59,0.00,124.832
100.00,96.85,0.00,130.606,best
100.00,97.38,0.00,135.985,best
99.94,97.38,0.00,141.532
100.00,97.25,0.00,147.265
100.00,97.77,0.00,152.995,best
100.00,97.90,0.00,158.501,best
100.00,98.43,0.00,164.229,best
100.00,97.77,0.00,169.933
100.00,97.90,0.00,175.681
100.00,97.90,0.00,181.210
100.00,98.43,0.00,187.193
100.00,98.17,0.00,192.934
100.00,98.56,0.00,198.934,best
100.00,98.69,0.00,204.668,best
100.00,98.30,0.00,210.279
100.00,98.69,0.00,216.233
100.00,98.69,0.00,221.747
100.00,98.69,0.00,227.182
100.00,98.95,0.00,232.802,best
100.00,98.56,0.00,238.472
100.00,98.95,0.00,244.170
100.00,98.95,0.00,250.217
100.00,98.82,0.00,256.277
100.00,99.08,0.00,261.648,best
100.00,98.56,0.00,267.372
100.00,98.82,0.00,273.041
100.00,98.95,0.00,278.250
100.00,98.69,0.00,283.477
100.00,98.95,0.00,289.415
100.00,98.69,0.00,294.756
100.00,99.21,0.00,300.490,best
100.00,99.21,0.00,305.771
100.00,99.21,0.00,311.685
100.00,99.08,0.00,317.187
100.00,99.08,0.00,323.264
100.00,99.08,0.00,328.965
100.00,99.21,0.00,334.526
100.00,98.95,0.00,340.165
100.00,98.95,0.00,346.016
100.00,98.43,0.00,351.360
100.00,98.82,0.00,356.969
100.00,99.21,0.00,356.969
