################ TRAINING REPORT #################
# Images path   | dataset\fabric\side64\
# Validation    | 0.30
# Height        | 64
# Width         | 64
# Architecure   | 1l_8f_5x5_fc50
# Bacth Size    | 32
# Max epochs    | 500
# Eval Criteria | 0.80
##################################################
train,validation,test,min,time
0.00,0.00,0.00,0.000
12.15,11.66,0.00,6.562,best
15.13,14.81,0.00,12.310,best
52.42,50.72,0.00,17.623,best
65.64,65.53,0.00,23.668,best
70.58,70.12,0.00,29.182,best
75.03,72.74,0.00,35.073,best
78.18,75.36,0.00,40.776,best
83.58,79.55,0.00,46.586,best
86.05,81.91,0.00,52.258,best
90.38,85.98,0.00,57.686,best
93.19,87.16,0.00,63.281,best
94.83,89.65,0.00,68.905,best
96.79,90.30,0.00,74.592,best
97.75,91.87,0.00,80.421,best
98.59,93.45,0.00,85.874,best
98.31,93.45,0.00,91.497
99.61,94.36,0.00,97.167,best
99.78,95.15,0.00,103.028,best
99.72,95.15,0.00,108.873
99.78,95.94,0.00,114.323,best
100.00,96.20,0.00,119.822,best
100.00,96.46,0.00,125.528,best
99.94,96.85,0.00,130.743,best
99.94,96.46,0.00,136.219
100.00,96.59,0.00,141.964
99.94,96.33,0.00,147.559
100.00,97.12,0.00,152.983,best
100.00,97.12,0.00,158.395
100.00,97.25,0.00,164.079,best
100.00,97.51,0.00,169.440,best
100.00,98.03,0.00,174.845,best
100.00,97.25,0.00,180.391
100.00,97.38,0.00,185.922
100.00,97.77,0.00,191.938
100.00,97.90,0.00,197.546
100.00,98.43,0.00,203.339,best
100.00,98.17,0.00,208.729
100.00,98.43,0.00,214.385
100.00,98.17,0.00,220.037
100.00,97.38,0.00,225.833
100.00,97.77,0.00,231.658
100.00,98.03,0.00,237.844
100.00,98.03,0.00,243.379
100.00,97.90,0.00,249.531
100.00,98.17,0.00,254.997
100.00,98.03,0.00,260.495
100.00,98.43,0.00,260.495
