################ TRAINING REPORT #################
# Images path   | dataset\fabric\side64\
# Validation    | 0.30
# Height        | 64
# Width         | 64
# Architecure   | 1l_8f_5x5_fc50
# Bacth Size    | 32
# Max epochs    | 500
# Eval Criteria | 0.80
##################################################
train,validation,test,min,time
0.00,0.00,0.00,0.000
0.11,0.00,0.00,6.902
30.20,29.75,0.00,12.920,best
41.73,41.15,0.00,18.377,best
42.80,43.38,0.00,23.924,best
54.44,53.74,0.00,29.844,best
67.83,66.06,0.00,35.469,best
77.39,73.66,0.00,41.171,best
81.89,77.59,0.00,47.138,best
87.01,81.13,0.00,52.858,best
90.66,84.14,0.00,59.044,best
92.97,85.98,0.00,64.919,best
94.83,88.07,0.00,70.442,best
94.83,90.43,0.00,75.629,best
96.74,92.40,0.00,80.785,best
97.81,92.14,0.00,86.180
98.65,94.23,0.00,91.874,best
98.76,93.45,0.00,97.762
99.10,94.23,0.00,103.182
99.49,94.89,0.00,108.900,best
99.66,94.76,0.00,114.540
99.55,95.15,0.00,120.338,best
99.83,95.54,0.00,125.615,best
99.83,96.07,0.00,131.130,best
99.89,96.33,0.00,136.787,best
99.94,96.59,0.00,142.614,best
99.94,96.99,0.00,148.144,best
99.94,96.46,0.00,154.063
100.00,96.72,0.00,159.751
100.00,96.46,0.00,165.124
100.00,96.85,0.00,171.078
100.00,97.38,0.00,177.031,best
100.00,96.85,0.00,182.529
100.00,97.90,0.00,188.292,best
100.00,96.99,0.00,194.198
100.00,96.72,0.00,200.009
100.00,97.77,0.00,206.304
99.94,96.20,0.00,211.896
100.00,97.38,0.00,217.817
100.00,97.38,0.00,223.732
100.00,97.25,0.00,229.223
100.00,96.59,0.00,235.239
100.00,97.90,0.00,240.647
100.00,97.64,0.00,246.068
100.00,97.90,0.00,246.068
