################ TRAINING REPORT #################
# Images path   | dataset\fabric\side64\
# Validation    | 0.30
# Height        | 64
# Width         | 64
# Architecure   | 1l_8f_5x5_fc50
# Bacth Size    | 32
# Max epochs    | 500
# Eval Criteria | 0.80
##################################################
train,validation,test,min,time
0.00,0.00,0.00,0.000
0.34,0.13,0.00,6.685,best
18.90,17.69,0.00,12.402,best
55.62,54.39,0.00,18.181,best
67.27,67.50,0.00,23.337,best
70.19,69.72,0.00,29.176,best
72.16,71.56,0.00,34.499,best
77.22,75.36,0.00,40.152,best
82.68,80.60,0.00,45.588,best
87.68,84.01,0.00,51.713,best
89.99,87.02,0.00,57.369,best
93.53,88.34,0.00,63.167,best
95.33,90.17,0.00,68.604,best
96.91,91.48,0.00,74.165,best
97.69,93.71,0.00,79.493,best
98.65,94.50,0.00,84.943,best
98.59,95.67,0.00,90.679,best
98.99,96.33,0.00,95.828,best
99.61,96.59,0.00,101.031,best
99.49,97.12,0.00,106.875,best
99.83,97.25,0.00,112.345,best
99.94,97.38,0.00,117.799,best
99.89,97.51,0.00,123.018,best
99.94,97.51,0.00,128.532
99.94,97.38,0.00,134.394
100.00,97.90,0.00,139.863,best
100.00,98.17,0.00,145.611,best
100.00,98.03,0.00,151.003
99.94,98.30,0.00,157.050,best
100.00,98.43,0.00,162.378,best
100.00,98.56,0.00,168.783,best
100.00,98.30,0.00,174.659
100.00,98.03,0.00,180.568
100.00,98.43,0.00,186.209
100.00,98.69,0.00,192.035,best
100.00,98.56,0.00,197.895
100.00,98.82,0.00,203.685,best
100.00,98.69,0.00,209.405
100.00,98.43,0.00,215.234
100.00,98.56,0.00,221.214
100.00,98.69,0.00,226.806
100.00,98.43,0.00,232.101
100.00,98.56,0.00,238.223
100.00,98.69,0.00,243.818
100.00,98.69,0.00,249.803
100.00,98.30,0.00,255.330
100.00,98.69,0.00,261.061
100.00,98.82,0.00,261.061
