################ TRAINING REPORT #################
# Images path   | dataset\fabric\side64\
# Validation    | 0.30
# Height        | 64
# Width         | 64
# Architecure   | 1l_8f_5x5_fc50
# Bacth Size    | 32
# Max epochs    | 500
# Eval Criteria | 0.80
##################################################
train,validation,test,min,time
0.00,0.00,0.00,0.000
10.40,8.65,0.00,6.848,best
19.29,17.04,0.00,13.002,best
39.82,38.93,0.00,18.858,best
62.26,62.12,0.00,24.106,best
68.90,68.41,0.00,30.235,best
73.06,71.95,0.00,36.031,best
76.88,73.66,0.00,41.936,best
81.72,77.59,0.00,48.109,best
85.83,80.87,0.00,53.936,best
87.29,83.62,0.00,59.514,best
89.65,85.06,0.00,64.814,best
91.84,86.89,0.00,70.062,best
94.21,88.20,0.00,75.786,best
95.67,90.83,0.00,81.756,best
96.79,91.35,0.00,87.542,best
97.30,91.74,0.00,93.611,best
97.75,92.40,0.00,99.338,best
98.37,92.66,0.00,104.907,best
99.16,93.71,0.00,111.326,best
99.16,94.36,0.00,117.076,best
99.27,94.50,0.00,122.638,best
99.49,94.89,0.00,128.229,best
99.49,94.89,0.00,134.433
99.83,94.63,0.00,140.428
99.83,95.28,0.00,146.287,best
99.94,95.41,0.00,151.724,best
99.94,95.81,0.00,157.565,best
100.00,95.67,0.00,163.781
100.00,96.20,0.00,169.888,best
100.00,95.94,0.00,174.299
100.00,96.72,0.00,180.078,best
100.00,96.85,0.00,186.079,best
100.00,96.33,0.00,191.115
100.00,96.46,0.00,196.568
100.00,96.72,0.00,202.613
100.00,96.99,0.00,208.524,best
100.00,96.99,0.00,214.181
100.00,96.72,0.00,220.278
100.00,97.38,0.00,225.452,best
100.00,96.99,0.00,230.851
100.00,96.85,0.00,236.466
100.00,97.12,0.00,241.695
100.00,96.59,0.00,247.452
100.00,97.12,0.00,252.914
100.00,96.72,0.00,258.992
100.00,97.25,0.00,264.536
100.00,97.51,0.00,270.222,best
100.00,96.99,0.00,275.943
100.00,97.38,0.00,282.063
100.00,97.25,0.00,287.484
100.00,97.12,0.00,293.603
100.00,97.38,0.00,299.047
100.00,97.12,0.00,304.792
99.89,95.81,0.00,310.164
100.00,97.38,0.00,315.973
100.00,97.25,0.00,321.653
100.00,97.12,0.00,327.485
100.00,97.51,0.00,327.485
