################ TRAINING REPORT #################
# Images path   | dataset\fabric\side64\
# Validation    | 0.30
# Height        | 64
# Width         | 64
# Architecure   | 1l_8f_5x5_fc50
# Bacth Size    | 32
# Max epochs    | 500
# Eval Criteria | 0.80
##################################################
train,validation,test,min,time
0.00,0.00,0.00,0.000
12.99,13.63,0.00,6.745,best
27.17,27.52,0.00,11.963,best
38.75,37.88,0.00,17.588,best
59.84,58.45,0.00,23.010,best
67.77,65.92,0.00,28.441,best
74.69,72.48,0.00,34.051,best
79.02,75.62,0.00,39.708,best
84.59,77.98,0.00,45.348,best
88.36,82.70,0.00,50.808,best
91.68,84.40,0.00,56.386,best
95.11,88.73,0.00,61.994,best
96.85,90.04,0.00,67.603,best
97.24,90.43,0.00,73.213,best
98.88,92.01,0.00,79.024,best
99.10,94.23,0.00,84.786,best
99.66,95.41,0.00,90.676,best
99.78,95.02,0.00,96.158
99.94,96.59,0.00,102.125,best
99.94,96.33,0.00,107.637
100.00,96.99,0.00,112.995,best
100.00,96.99,0.00,118.698
100.00,97.38,0.00,124.463,best
100.00,97.25,0.00,130.049
100.00,97.38,0.00,135.816
100.00,97.38,0.00,141.411
100.00,97.77,0.00,147.020,best
100.00,98.17,0.00,152.158,best
100.00,98.30,0.00,158.190,best
100.00,97.77,0.00,163.925
100.00,98.56,0.00,169.300,best
100.00,98.17,0.00,175.275
100.00,98.03,0.00,180.932
100.00,97.90,0.00,186.602
100.00,98.43,0.00,192.350
100.00,97.25,0.00,197.989
100.00,98.82,0.00,203.869,best
100.00,98.30,0.00,209.474
100.00,98.30,0.00,215.595
100.00,98.43,0.00,220.936
100.00,98.69,0.00,226.986
100.00,98.03,0.00,232.766
100.00,98.69,0.00,238.654
100.00,98.56,0.00,244.419
100.00,98.30,0.00,249.842
100.00,98.56,0.00,255.374
100.00,97.64,0.00,261.577
100.00,98.82,0.00,261.577
