################ TRAINING REPORT #################
# Images path   | dataset\fabric\side64\
# Validation    | 0.30
# Height        | 64
# Width         | 64
# Architecure   | 1l_8f_5x5_fc50
# Bacth Size    | 32
# Max epochs    | 500
# Eval Criteria | 0.80
##################################################
train,validation,test,min,time
0.00,0.00,0.00,0.000
0.00,0.00,0.00,6.925
14.90,14.81,0.00,12.584,best
46.57,49.02,0.00,18.132,best
64.62,65.53,0.00,24.195,best
72.22,70.51,0.00,29.882,best
75.70,73.39,0.00,35.370,best
79.53,76.28,0.00,41.089,best
84.25,82.31,0.00,46.746,best
87.91,84.14,0.00,52.210,best
92.01,85.71,0.00,57.803,best
95.28,89.65,0.00,63.600,best
96.34,90.96,0.00,69.101,best
97.81,92.92,0.00,74.911,best
99.04,94.50,0.00,80.599,best
99.10,95.94,0.00,86.309,best
99.72,95.41,0.00,91.945
99.83,95.67,0.00,97.773
99.83,96.33,0.00,103.508,best
99.94,96.72,0.00,108.961,best
99.78,96.85,0.00,114.415,best
99.94,96.99,0.00,120.158,best
100.00,97.51,0.00,126.327,best
99.94,97.25,0.00,131.848
100.00,97.25,0.00,137.211
100.00,97.64,0.00,143.117,best
100.00,97.77,0.00,148.636,best
100.00,97.64,0.00,154.100
100.00,97.64,0.00,159.926
100.00,97.90,0.00,165.111,best
100.00,97.64,0.00,170.893
100.00,98.03,0.00,177.034,best
100.00,98.30,0.00,182.942,best
100.00,98.03,0.00,188.494
100.00,98.43,0.00,194.115,best
100.00,97.77,0.00,199.677
100.00,98.17,0.00,205.303
100.00,98.43,0.00,211.287
100.00,98.17,0.00,217.457
100.00,98.17,0.00,222.769
100.00,97.90,0.00,228.440
100.00,97.77,0.00,234.240
100.00,98.43,0.00,239.844
100.00,98.56,0.00,245.950,best
100.00,97.90,0.00,251.591
100.00,98.56,0.00,257.182
100.00,98.30,0.00,262.977
100.00,98.69,0.00,268.677,best
100.00,98.43,0.00,274.381
100.00,98.69,0.00,280.097
100.00,98.30,0.00,285.808
100.00,98.69,0.00,291.604
100.00,98.69,0.00,296.873
100.00,98.95,0.00,302.483,best
100.00,98.56,0.00,308.357
100.00,97.38,0.00,314.060
100.00,98.95,0.00,320.182
100.00,98.82,0.00,325.637
100.00,98.69,0.00,331.354
100.00,98.17,0.00,336.977
100.00,98.82,0.00,342.851
100.00,98.69,0.00,348.818
100.00,98.56,0.00,354.177
100.00,98.56,0.00,360.271
100.00,98.95,0.00,360.271
