################ TRAINING REPORT #################
# Images path   | dataset\fabric\side64\
# Validation    | 0.30
# Height        | 64
# Width         | 64
# Architecure   | 1l_8f_5x5_fc50
# Bacth Size    | 32
# Max epochs    | 500
# Eval Criteria | 0.80
##################################################
train,validation,test,min,time
0.00,0.00,0.00,0.000
0.90,1.05,0.00,7.000,best
21.65,21.49,0.00,12.928,best
32.17,31.59,0.00,18.285,best
52.92,53.34,0.00,23.972,best
66.76,66.06,0.00,29.678,best
71.15,70.64,0.00,35.191,best
74.92,73.66,0.00,40.660,best
82.17,79.29,0.00,46.237,best
86.67,82.31,0.00,52.174,best
90.89,86.63,0.00,57.690,best
93.87,88.20,0.00,63.848,best
97.02,90.83,0.00,69.566,best
98.03,92.66,0.00,75.098,best
98.26,93.97,0.00,81.355,best
98.76,94.23,0.00,87.081,best
99.44,95.54,0.00,92.691,best
99.16,94.50,0.00,98.926
99.72,96.59,0.00,104.724,best
99.83,97.25,0.00,110.714,best
99.94,97.12,0.00,116.376
99.89,97.12,0.00,122.625
100.00,97.51,0.00,128.921,best
100.00,97.64,0.00,135.093,best
100.00,97.77,0.00,140.563,best
100.00,97.77,0.00,146.344
100.00,98.03,0.00,151.500,best
100.00,97.90,0.00,157.062
100.00,98.30,0.00,162.685,best
100.00,98.30,0.00,168.028
100.00,98.30,0.00,173.835
100.00,98.56,0.00,179.303,best
100.00,98.69,0.00,185.113,best
100.00,98.82,0.00,190.706,best
100.00,98.43,0.00,195.707
100.00,98.56,0.00,201.862
100.00,98.43,0.00,207.191
100.00,98.82,0.00,213.021
100.00,98.69,0.00,218.846
100.00,98.82,0.00,224.406
100.00,98.95,0.00,230.121,best
100.00,98.69,0.00,235.416
100.00,98.56,0.00,241.194
100.00,98.95,0.00,246.865
100.00,98.82,0.00,252.628
100.00,98.95,0.00,258.282
100.00,98.69,0.00,263.952
100.00,98.43,0.00,269.185
100.00,98.30,0.00,274.870
100.00,98.95,0.00,280.368
100.00,98.95,0.00,286.226
100.00,98.95,0.00,286.226
