################ TRAINING REPORT #################
# Images path   | dataset\fabric\side64\
# Validation    | 0.30
# Height        | 64
# Width         | 64
# Architecure   | 1l_8f_5x5_fc50
# Bacth Size    | 32
# Max epochs    | 500
# Eval Criteria | 0.80
##################################################
train,validation,test,min,time
0.00,0.00,0.00,0.000
0.00,0.00,0.00,7.027
23.28,24.25,0.00,12.786,best
37.80,37.22,0.00,19.005,best
54.16,53.47,0.00,24.385,best
65.80,63.17,0.00,30.109,best
70.13,68.55,0.00,35.937,best
73.73,71.95,0.00,42.062,best
77.28,74.97,0.00,47.484,best
81.05,79.29,0.00,53.590,best
85.10,82.18,0.00,59.168,best
87.85,83.36,0.00,64.953,best
90.44,86.50,0.00,71.008,best
93.25,89.52,0.00,76.598,best
95.05,90.30,0.00,81.989,best
96.63,92.27,0.00,87.550,best
96.46,93.05,0.00,93.252,best
97.53,93.97,0.00,99.205,best
98.43,94.10,0.00,104.723,best
98.82,95.15,0.00,110.574,best
99.33,96.20,0.00,116.403,best
99.38,96.20,0.00,122.448
99.78,96.85,0.00,128.401,best
99.55,96.59,0.00,133.840
99.04,95.54,0.00,139.881
99.89,96.85,0.00,145.588
99.94,97.12,0.00,151.231,best
99.38,95.94,0.00,157.262
99.94,97.38,0.00,162.824,best
100.00,97.12,0.00,168.307
100.00,97.64,0.00,174.181,best
99.89,96.99,0.00,179.775
99.94,97.38,0.00,186.101
100.00,97.38,0.00,191.972
100.00,97.38,0.00,197.768
100.00,98.17,0.00,203.077,best
100.00,97.64,0.00,208.968
100.00,98.03,0.00,214.977
100.00,97.12,0.00,220.744
100.00,97.12,0.00,226.394
100.00,98.17,0.00,232.254
100.00,98.03,0.00,238.315
100.00,98.17,0.00,243.847
100.00,98.03,0.00,249.521
100.00,97.12,0.00,255.417
100.00,98.17,0.00,261.283
100.00,98.17,0.00,261.283
