################ TRAINING REPORT #################
# Images path   | dataset\fabric\side64\
# Validation    | 0.30
# Height        | 64
# Width         | 64
# Architecure   | 1l_8f_5x5_fc50
# Bacth Size    | 32
# Max epochs    | 500
# Eval Criteria | 0.80
##################################################
train,validation,test,min,time
0.00,0.00,0.00,0.000
1.35,1.83,0.00,7.034,best
26.94,26.87,0.00,12.475,best
38.13,36.96,0.00,18.080,best
61.70,60.81,0.00,23.902,best
68.56,67.76,0.00,29.320,best
70.02,69.46,0.00,34.980,best
70.81,70.12,0.00,41.038,best
72.83,71.43,0.00,46.603,best
77.00,74.71,0.00,52.332,best
81.05,80.08,0.00,57.924,best
85.26,83.09,0.00,63.190,best
89.26,85.98,0.00,68.603,best
92.13,88.60,0.00,74.479,best
94.38,88.60,0.00,79.964
95.61,90.43,0.00,85.540,best
96.34,91.48,0.00,91.038,best
97.81,93.58,0.00,96.976,best
98.37,93.71,0.00,102.404,best
98.82,94.10,0.00,107.951,best
98.65,94.89,0.00,113.596,best
99.72,96.46,0.00,119.534,best
99.83,96.20,0.00,124.785
99.89,96.33,0.00,130.352
99.94,96.59,0.00,136.209,best
99.94,96.59,0.00,142.160
100.00,97.38,0.00,147.863,best
100.00,97.38,0.00,153.335
100.00,97.38,0.00,158.671
100.00,97.51,0.00,164.576,best
100.00,97.25,0.00,170.249
100.00,97.90,0.00,175.967,best
100.00,97.90,0.00,181.351
100.00,97.51,0.00,186.903
100.00,98.03,0.00,192.601,best
100.00,98.17,0.00,198.397,best
100.00,98.03,0.00,203.896
100.00,98.30,0.00,209.223,best
100.00,98.17,0.00,215.051
100.00,98.17,0.00,220.893
100.00,98.17,0.00,226.378
100.00,97.90,0.00,232.438
100.00,98.30,0.00,237.857
100.00,98.43,0.00,243.567,best
100.00,98.17,0.00,249.021
100.00,98.17,0.00,254.519
100.00,98.56,0.00,259.939,best
100.00,98.43,0.00,265.422
100.00,98.43,0.00,271.438
100.00,98.17,0.00,277.488
100.00,98.69,0.00,283.676,best
100.00,98.43,0.00,289.032
100.00,98.43,0.00,294.602
100.00,98.43,0.00,300.169
100.00,97.77,0.00,305.730
100.00,98.56,0.00,310.977
100.00,98.43,0.00,317.132
100.00,98.56,0.00,323.304
100.00,98.30,0.00,328.963
100.00,98.30,0.00,334.947
100.00,98.56,0.00,340.962
100.00,98.69,0.00,340.962
