################ TRAINING REPORT #################
# Images path   | dataset\fabric\side64\
# Validation    | 0.30
# Height        | 64
# Width         | 64
# Architecure   | 1l_8f_5x5_fc50
# Bacth Size    | 32
# Max epochs    | 500
# Eval Criteria | 0.80
##################################################
train,validation,test,min,time
0.00,0.00,0.00,0.000
11.30,11.40,0.00,6.721,best
25.87,26.21,0.00,12.328,best
36.50,35.12,0.00,17.681,best
61.92,61.34,0.00,23.245,best
69.29,68.81,0.00,28.412,best
71.82,70.51,0.00,33.832,best
73.45,73.13,0.00,39.224,best
78.23,77.46,0.00,45.067,best
81.83,80.34,0.00,50.502,best
86.73,83.62,0.00,55.523,best
89.88,86.50,0.00,61.085,best
92.52,87.68,0.00,66.774,best
94.66,90.17,0.00,72.255,best
96.01,91.87,0.00,77.771,best
96.74,93.05,0.00,83.177,best
97.69,92.66,0.00,88.740
98.88,94.50,0.00,94.255,best
99.33,95.15,0.00,99.615,best
99.44,95.28,0.00,105.347,best
99.61,95.81,0.00,110.909,best
99.83,96.07,0.00,116.175,best
99.94,96.07,0.00,121.704
99.89,96.20,0.00,127.407,best
100.00,96.20,0.00,133.139
100.00,96.59,0.00,138.453,best
100.00,96.72,0.00,143.923,best
100.00,96.99,0.00,149.720,best
100.00,97.12,0.00,155.066,best
100.00,97.51,0.00,160.393,best
100.00,96.72,0.00,165.689
100.00,96.99,0.00,171.047
100.00,97.51,0.00,176.734
100.00,97.77,0.00,182.247,best
100.00,98.03,0.00,187.836,best
100.00,98.30,0.00,193.434,best
100.00,97.90,0.00,198.869
100.00,97.64,0.00,204.256
100.00,97.77,0.00,209.897
100.00,98.03,0.00,215.503
100.00,96.99,0.00,220.838
100.00,98.43,0.00,226.369,best
100.00,97.90,0.00,232.042
100.00,98.03,0.00,237.612
100.00,98.30,0.00,243.034
100.00,98.30,0.00,248.488
100.00,98.30,0.00,253.878
100.00,98.43,0.00,259.547
100.00,98.17,0.00,265.234
100.00,98.03,0.00,270.514
100.00,98.30,0.00,276.279
100.00,98.03,0.00,281.967
100.00,98.43,0.00,281.967
