################ TRAINING REPORT #################
# Images path   | dataset\fabric\side64\
# Validation    | 0.30
# Height        | 64
# Width         | 64
# Architecure   | 1l_8f_5x5_fc50
# Bacth Size    | 32
# Max epochs    | 500
# Eval Criteria | 0.80
##################################################
train,validation,test,min,time
0.00,0.00,0.00,0.000
0.11,0.00,0.00,7.061
19.97,18.35,0.00,12.598,best
27.22,27.65,0.00,18.177,best
50.73,49.93,0.00,23.766,best
67.27,66.58,0.00,29.612,best
73.51,72.35,0.00,35.022,best
79.08,78.24,0.00,40.577,best
84.36,82.83,0.00,46.013,best
89.15,85.06,0.00,51.547,best
91.00,87.29,0.00,57.498,best
93.25,89.25,0.00,63.011,best
95.28,90.69,0.00,68.354,best
96.96,92.40,0.00,73.947,best
98.14,93.45,0.00,79.791,best
98.82,93.71,0.00,85.323,best
99.21,93.84,0.00,90.930,best
99.04,95.41,0.00,96.446,best
99.66,94.89,0.00,101.640
99.72,95.81,0.00,107.356,best
99.83,95.54,0.00,112.966
99.89,96.46,0.00,118.682,best
99.94,96.07,0.00,124.151
100.00,96.72,0.00,130.088,best
100.00,96.85,0.00,135.541,best
99.94,97.12,0.00,140.822,best
100.00,96.85,0.00,146.509
100.00,97.77,0.00,152.134,best
100.00,97.38,0.00,157.660
100.00,97.51,0.00,162.810
100.00,98.43,0.00,168.541,best
100.00,97.64,0.00,174.221
100.00,97.51,0.00,179.845
100.00,98.43,0.00,185.516
100.00,98.17,0.00,191.279
100.00,98.30,0.00,196.933
100.00,97.64,0.00,202.572
100.00,98.43,0.00,208.289
100.00,98.30,0.00,213.975
100.00,98.03,0.00,219.818
100.00,98.30,0.00,225.848
100.00,98.43,0.00,225.848
