################ TRAINING REPORT #################
# Images path   | dataset\fabric\side64\
# Validation    | 0.30
# Height        | 64
# Width         | 64
# Architecure   | 1l_8f_5x5_fc50
# Bacth Size    | 32
# Max epochs    | 500
# Eval Criteria | 0.80
##################################################
train,validation,test,min,time
0.00,0.00,0.00,0.000
1.35,1.18,0.00,6.616,best
19.35,18.09,0.00,12.327,best
43.36,42.86,0.00,18.200,best
61.42,61.21,0.00,23.683,best
68.11,68.55,0.00,29.553,best
71.32,71.43,0.00,34.908,best
75.53,75.36,0.00,40.673,best
80.99,79.95,0.00,46.526,best
86.50,84.80,0.00,52.386,best
89.82,87.02,0.00,57.729,best
93.14,89.38,0.00,63.040,best
95.05,91.09,0.00,68.492,best
96.12,92.14,0.00,74.337,best
97.13,93.05,0.00,80.369,best
97.30,94.10,0.00,86.082,best
98.31,94.23,0.00,91.441,best
99.10,94.50,0.00,96.970,best
99.33,94.89,0.00,102.736,best
99.38,95.02,0.00,108.173,best
99.78,95.67,0.00,114.312,best
99.94,95.81,0.00,119.560,best
99.89,96.33,0.00,125.324,best
100.00,96.20,0.00,130.715
100.00,96.33,0.00,136.323
100.00,96.46,0.00,142.222,best
100.00,96.59,0.00,148.023,best
100.00,96.72,0.00,153.460,best
100.00,96.99,0.00,159.054,best
100.00,96.59,0.00,164.884
100.00,96.46,0.00,170.507
100.00,96.59,0.00,176.102
100.00,97.25,0.00,181.736,best
100.00,97.25,0.00,187.112
100.00,96.99,0.00,192.888
100.00,97.51,0.00,198.659,best
100.00,97.12,0.00,204.262
100.00,96.72,0.00,209.819
100.00,96.99,0.00,215.614
100.00,96.85,0.00,221.097
100.00,96.72,0.00,226.627
100.00,97.38,0.00,232.706
100.00,98.03,0.00,238.250,best
100.00,97.90,0.00,243.663
100.00,97.51,0.00,249.522
100.00,98.03,0.00,255.186
100.00,97.64,0.00,260.757
100.00,97.64,0.00,266.480
100.00,97.38,0.00,271.642
100.00,97.77,0.00,277.261
100.00,97.77,0.00,283.036
100.00,98.30,0.00,288.504,best
100.00,97.38,0.00,294.266
100.00,98.43,0.00,300.132,best
100.00,98.03,0.00,306.506
100.00,98.03,0.00,312.444
100.00,98.17,0.00,318.551
100.00,97.77,0.00,324.195
100.00,98.56,0.00,329.728,best
100.00,98.69,0.00,335.228,best
100.00,97.90,0.00,340.946
100.00,98.43,0.00,346.961
100.00,98.03,0.00,352.833
100.00,97.64,0.00,358.577
100.00,98.03,0.00,364.012
100.00,98.30,0.00,369.825
100.00,98.43,0.00,375.572
100.00,97.90,0.00,381.444
100.00,98.56,0.00,386.873
100.00,98.69,0.00,393.085
100.00,98.69,0.00,393.085
