################ TRAINING REPORT #################
# Images path   | dataset\fabric\side64\
# Validation    | 0.30
# Height        | 64
# Width         | 64
# Architecure   | 1l_8f_5x5_fc50
# Bacth Size    | 32
# Max epochs    | 500
# Eval Criteria | 0.80
##################################################
train,validation,test,min,time
0.00,0.00,0.00,0.000
0.84,0.39,0.00,6.269,best
29.98,31.19,0.00,11.718,best
55.62,53.21,0.00,17.264,best
68.39,67.63,0.00,22.996,best
71.43,70.90,0.00,28.487,best
73.45,72.61,0.00,33.956,best
76.49,74.84,0.00,39.223,best
80.15,77.20,0.00,44.846,best
83.24,80.73,0.00,50.422,best
86.39,83.36,0.00,56.891,best
89.54,85.45,0.00,62.138,best
91.90,88.20,0.00,67.403,best
93.36,90.17,0.00,72.986,best
95.89,91.87,0.00,78.704,best
96.51,92.27,0.00,84.451,best
97.86,93.32,0.00,89.824,best
98.31,94.23,0.00,95.074,best
98.65,95.28,0.00,101.090,best
99.10,95.28,0.00,106.510
99.49,95.41,0.00,112.212,best
99.27,96.20,0.00,117.962,best
99.83,96.72,0.00,123.603,best
99.89,96.46,0.00,129.023
99.94,96.59,0.00,134.521
99.89,96.59,0.00,140.332
99.78,96.59,0.00,146.017
100.00,97.25,0.00,151.783,best
100.00,97.64,0.00,157.280,best
100.00,97.64,0.00,162.541
100.00,97.90,0.00,168.166,best
100.00,97.38,0.00,173.640
100.00,98.17,0.00,179.387,best
100.00,97.64,0.00,184.525
100.00,97.90,0.00,190.775
100.00,97.77,0.00,196.009
100.00,98.69,0.00,201.178,best
100.00,97.51,0.00,206.632
100.00,97.64,0.00,212.412
100.00,98.17,0.00,217.897
100.00,97.90,0.00,223.141
100.00,98.43,0.00,228.639
100.00,98.56,0.00,234.739
100.00,98.43,0.00,240.694
100.00,98.43,0.00,246.616
100.00,98.69,0.00,252.146
100.00,98.56,0.00,257.782
100.00,98.69,0.00,257.782
