################ TRAINING REPORT #################
# Images path   | dataset\fabric\side64\
# Validation    | 0.30
# Height        | 64
# Width         | 64
# Architecure   | 1l_8f_5x5_fc50
# Bacth Size    | 32
# Max epochs    | 500
# Eval Criteria | 0.80
##################################################
train,validation,test,min,time
0.00,0.00,0.00,0.000
0.00,0.00,0.00,7.078
27.84,27.65,0.00,12.841,best
42.24,39.45,0.00,18.421,best
64.12,64.22,0.00,24.732,best
69.01,68.68,0.00,30.279,best
73.06,72.61,0.00,36.083,best
78.01,76.15,0.00,41.581,best
83.30,81.39,0.00,47.009,best
87.85,83.88,0.00,52.708,best
91.34,86.37,0.00,58.114,best
93.42,88.07,0.00,63.754,best
95.78,90.69,0.00,69.206,best
95.95,89.65,0.00,74.988
98.03,92.53,0.00,80.860,best
98.54,93.05,0.00,86.499,best
99.21,94.23,0.00,92.389,best
99.49,94.76,0.00,98.030,best
99.83,94.89,0.00,103.448,best
99.61,94.50,0.00,109.057
99.89,95.81,0.00,115.005,best
99.83,95.94,0.00,120.304,best
100.00,95.94,0.00,126.648
100.00,96.59,0.00,132.209,best
100.00,96.20,0.00,138.050
100.00,96.20,0.00,143.624
100.00,96.59,0.00,149.216
100.00,96.85,0.00,155.464,best
100.00,96.99,0.00,160.872,best
100.00,97.12,0.00,166.744,best
100.00,97.12,0.00,172.481
100.00,96.72,0.00,177.917
100.00,96.99,0.00,183.532
100.00,97.25,0.00,189.070,best
100.00,97.25,0.00,194.717
100.00,97.51,0.00,200.605,best
100.00,97.12,0.00,206.309
100.00,97.38,0.00,212.183
100.00,97.25,0.00,217.740
100.00,97.77,0.00,223.396,best
100.00,97.51,0.00,228.931
100.00,97.64,0.00,234.785
100.00,97.64,0.00,240.658
100.00,97.25,0.00,246.501
100.00,97.38,0.00,252.455
100.00,97.38,0.00,258.360
100.00,97.38,0.00,264.354
100.00,97.12,0.00,270.258
100.00,96.99,0.00,275.866
100.00,98.17,0.00,281.958,best
100.00,97.77,0.00,287.460
100.00,97.38,0.00,293.011
100.00,97.64,0.00,299.113
100.00,97.12,0.00,305.032
100.00,97.38,0.00,310.827
100.00,97.51,0.00,316.170
100.00,97.64,0.00,321.527
100.00,97.77,0.00,327.259
100.00,97.38,0.00,332.917
100.00,98.03,0.00,339.165
100.00,98.17,0.00,339.165
