################ TRAINING REPORT #################
# Images path   | dataset\fabric\side64\
# Validation    | 0.30
# Height        | 64
# Width         | 64
# Architecure   | 1l_8f_5x5_fc50
# Bacth Size    | 32
# Max epochs    | 500
# Eval Criteria | 0.80
##################################################
train,validation,test,min,time
0.00,0.00,0.00,0.000
0.00,0.00,0.00,6.802
24.30,23.85,0.00,12.677,best
32.79,32.63,0.00,17.834,best
62.94,60.94,0.00,23.599,best
68.90,67.76,0.00,29.028,best
70.53,69.20,0.00,34.575,best
72.89,71.56,0.00,40.263,best
76.94,73.00,0.00,45.638,best
82.68,76.93,0.00,51.122,best
86.28,80.34,0.00,57.058,best
90.33,83.75,0.00,62.214,best
93.25,88.34,0.00,67.951,best
95.28,89.78,0.00,73.264,best
97.30,92.40,0.00,78.904,best
98.26,93.05,0.00,84.049,best
98.82,94.50,0.00,89.598,best
99.44,95.81,0.00,95.561,best
99.72,95.94,0.00,100.985,best
99.83,96.85,0.00,106.170,best
100.00,96.46,0.00,111.903
99.94,96.99,0.00,117.548,best
99.94,97.25,0.00,122.873,best
100.00,97.25,0.00,128.186
100.00,97.90,0.00,133.839,best
100.00,97.77,0.00,139.791
99.94,97.51,0.00,145.465
99.94,97.51,0.00,150.921
100.00,98.43,0.00,156.677,best
100.00,98.03,0.00,162.238
100.00,97.77,0.00,167.986
100.00,97.38,0.00,173.484
100.00,98.03,0.00,179.061
100.00,97.77,0.00,184.638
100.00,98.30,0.00,190.090
100.00,98.43,0.00,195.557
100.00,98.30,0.00,201.140
100.00,98.69,0.00,206.539,best
100.00,99.08,0.00,212.102,best
100.00,98.82,0.00,217.414
100.00,97.64,0.00,223.354
100.00,98.56,0.00,228.917
100.00,98.43,0.00,234.760
100.00,98.30,0.00,239.883
100.00,98.56,0.00,245.209
100.00,98.56,0.00,250.692
100.00,98.95,0.00,256.035
100.00,98.56,0.00,261.691
100.00,98.69,0.00,267.161
100.00,99.08,0.00,267.161
