################ TRAINING REPORT #################
# Images path   | dataset\fabric\side64\
# Validation    | 0.30
# Height        | 64
# Width         | 64
# Architecure   | 1l_8f_5x5_fc50
# Bacth Size    | 32
# Max epochs    | 500
# Eval Criteria | 0.80
##################################################
train,validation,test,min,time
0.00,0.00,0.00,0.000
0.00,0.00,0.00,7.511
21.26,19.66,0.00,13.482,best
27.73,27.65,0.00,19.306,best
35.21,34.60,0.00,25.123,best
56.69,55.18,0.00,30.809,best
66.65,65.27,0.00,36.771,best
70.19,68.81,0.00,43.186,best
73.06,70.77,0.00,48.630,best
75.76,72.61,0.00,54.437,best
79.19,75.10,0.00,59.934,best
83.18,77.59,0.00,65.863,best
86.95,80.47,0.00,71.944,best
90.10,84.40,0.00,77.490,best
92.80,86.50,0.00,82.861,best
95.61,88.86,0.00,88.408,best
96.34,90.17,0.00,94.783,best
97.08,91.35,0.00,100.360,best
98.20,92.92,0.00,106.097,best
98.93,93.18,0.00,111.985,best
98.88,93.18,0.00,117.740
99.38,94.63,0.00,123.272,best
99.61,95.28,0.00,128.723,best
99.83,95.02,0.00,134.411
100.00,96.07,0.00,140.206,best
100.00,96.07,0.00,146.425
99.66,95.28,0.00,152.283
99.89,96.59,0.00,158.318,best
100.00,96.72,0.00,164.071,best
100.00,97.25,0.00,169.931,best
100.00,96.85,0.00,175.541
100.00,97.12,0.00,181.508
100.00,97.64,0.00,187.373,best
100.00,97.12,0.00,193.090
100.00,97.64,0.00,199.010
100.00,97.90,0.00,204.541,best
100.00,97.64,0.00,210.067
100.00,97.77,0.00,215.986
100.00,97.77,0.00,221.465
100.00,97.51,0.00,227.531
100.00,98.03,0.00,233.562,best
100.00,97.77,0.00,239.390
100.00,98.43,0.00,244.979,best
100.00,98.43,0.00,250.199
100.00,97.90,0.00,255.887
100.00,98.43,0.00,261.589
100.00,98.17,0.00,266.960
100.00,98.69,0.00,273.517,best
100.00,98.30,0.00,279.039
100.00,98.17,0.00,284.827
100.00,97.77,0.00,290.451
100.00,98.30,0.00,296.325
100.00,98.56,0.00,302.606
100.00,98.43,0.00,308.193
100.00,98.03,0.00,313.975
100.00,97.64,0.00,320.210
100.00,97.64,0.00,325.773
100.00,98.30,0.00,331.508
100.00,98.69,0.00,331.508
