################ TRAINING REPORT #################
# Images path   | dataset\fabric\side64\
# Validation    | 0.30
# Height        | 64
# Width         | 64
# Architecure   | 1l_8f_5x5_fc50
# Bacth Size    | 32
# Max epochs    | 500
# Eval Criteria | 0.80
##################################################
train,validation,test,min,time
0.00,0.00,0.00,0.000
0.00,0.00,0.00,6.606
24.13,23.20,0.00,11.963,best
51.97,51.25,0.00,17.244,best
64.79,64.35,0.00,23.103,best
68.95,67.23,0.00,28.744,best
70.75,70.12,0.00,34.650,best
71.77,70.90,0.00,40.307,best
74.07,73.13,0.00,45.789,best
77.05,75.62,0.00,51.258,best
81.83,79.55,0.00,57.258,best
85.32,81.91,0.00,62.675,best
89.15,84.67,0.00,68.018,best
91.90,86.63,0.00,73.653,best
93.87,88.47,0.00,79.746,best
95.33,89.65,0.00,85.043,best
97.02,91.48,0.00,90.384,best
97.69,92.40,0.00,95.743,best
98.59,93.32,0.00,101.583,best
99.16,93.97,0.00,107.147,best
99.04,93.97,0.00,112.844
99.10,94.50,0.00,118.342,best
99.89,95.28,0.00,123.810,best
99.94,95.81,0.00,129.135,best
99.89,95.54,0.00,134.442
100.00,96.46,0.00,139.849,best
100.00,96.59,0.00,145.628,best
100.00,96.46,0.00,151.270
100.00,96.59,0.00,157.377
100.00,96.99,0.00,163.033,best
100.00,96.99,0.00,168.646
100.00,97.25,0.00,174.302,best
100.00,96.85,0.00,179.962
100.00,97.38,0.00,185.962,best
100.00,97.38,0.00,191.979
100.00,97.38,0.00,197.914
100.00,97.64,0.00,203.366,best
100.00,97.25,0.00,209.008
100.00,97.90,0.00,214.505,best
100.00,97.90,0.00,219.973
100.00,98.17,0.00,225.628,best
100.00,97.51,0.00,231.503
100.00,98.43,0.00,237.535,best
100.00,98.17,0.00,243.047
100.00,97.90,0.00,248.735
100.00,98.43,0.00,254.611
100.00,98.30,0.00,260.282
100.00,98.17,0.00,265.794
100.00,98.43,0.00,271.402
100.00,97.77,0.00,276.915
100.00,98.30,0.00,282.523
100.00,98.43,0.00,288.163
100.00,98.56,0.00,293.691,best
100.00,98.30,0.00,299.332
100.00,98.17,0.00,304.986
100.00,98.17,0.00,310.313
100.00,98.03,0.00,315.897
100.00,98.30,0.00,321.412
100.00,98.17,0.00,327.069
100.00,97.90,0.00,332.474
100.00,98.43,0.00,337.943
100.00,98.43,0.00,343.865
100.00,98.17,0.00,349.741
100.00,98.56,0.00,349.741
