################ TRAINING REPORT #################
# Images path   | dataset\fabric\side64\
# Validation    | 0.30
# Height        | 64
# Width         | 64
# Architecure   | 1l_8f_5x5_fc50
# Bacth Size    | 32
# Max epochs    | 500
# Eval Criteria | 0.80
##################################################
train,validation,test,min,time
0.00,0.00,0.00,0.000
13.89,14.15,0.00,6.902,best
26.83,26.87,0.00,12.370,best
34.98,35.12,0.00,17.616,best
55.62,54.52,0.00,22.756,best
66.82,65.66,0.00,28.597,best
74.52,71.43,0.00,34.174,best
79.75,77.46,0.00,39.581,best
84.42,81.13,0.00,45.141,best
88.36,85.19,0.00,51.360,best
91.56,86.63,0.00,56.907,best
93.98,89.12,0.00,62.361,best
95.44,90.56,0.00,67.761,best
96.96,92.40,0.00,73.527,best
97.64,93.45,0.00,79.178,best
98.31,94.10,0.00,84.685,best
98.88,94.63,0.00,90.169,best
99.16,93.97,0.00,95.622
99.38,94.89,0.00,101.058,best
99.72,95.28,0.00,106.526,best
99.78,95.41,0.00,112.368,best
99.94,96.07,0.00,118.429,best
100.00,96.20,0.00,123.878,best
99.94,96.46,0.00,129.378,best
100.00,96.07,0.00,135.107
100.00,96.46,0.00,141.140
100.00,95.94,0.00,146.982
100.00,96.20,0.00,152.730
100.00,96.99,0.00,158.450,best
100.00,96.85,0.00,163.571
100.00,98.03,0.00,169.188,best
100.00,97.64,0.00,174.853
100.00,97.64,0.00,180.995
100.00,98.03,0.00,186.602
100.00,97.38,0.00,192.271
100.00,98.03,0.00,198.595
100.00,96.99,0.00,204.220
100.00,98.03,0.00,210.051
100.00,98.17,0.00,215.544,best
100.00,97.77,0.00,220.995
100.00,98.43,0.00,227.025,best
100.00,98.43,0.00,232.867
100.00,98.03,0.00,238.819
100.00,98.03,0.00,244.787
100.00,98.17,0.00,250.441
100.00,98.30,0.00,256.221
100.00,97.90,0.00,261.619
100.00,98.43,0.00,267.132
100.00,98.17,0.00,272.962
100.00,98.17,0.00,279.026
100.00,98.03,0.00,284.401
100.00,98.43,0.00,284.401
