################ TRAINING REPORT #################
# Images path   | dataset\fabric\side64\
# Validation    | 0.30
# Height        | 64
# Width         | 64
# Architecure   | 1l_8f_5x5_fc50
# Bacth Size    | 32
# Max epochs    | 500
# Eval Criteria | 0.80
##################################################
train,validation,test,min,time
0.00,0.00,0.00,0.000
8.10,6.03,0.00,7.138,best
25.31,24.90,0.00,12.795,best
49.49,48.10,0.00,18.231,best
65.13,66.06,0.00,23.951,best
70.58,70.25,0.00,29.419,best
74.41,72.35,0.00,34.936,best
77.45,76.15,0.00,40.460,best
82.34,79.16,0.00,46.051,best
85.66,82.18,0.00,51.558,best
89.43,84.53,0.00,57.110,best
92.29,87.55,0.00,62.859,best
94.54,90.30,0.00,68.344,best
96.57,91.87,0.00,73.857,best
97.47,92.66,0.00,79.795,best
98.37,92.40,0.00,85.471
98.82,93.58,0.00,91.526,best
99.27,94.89,0.00,97.602,best
99.55,94.89,0.00,103.430
99.49,95.54,0.00,109.306,best
99.89,95.54,0.00,114.634
99.94,95.02,0.00,120.319
99.83,96.46,0.00,126.115,best
99.89,96.33,0.00,131.785
99.72,96.20,0.00,137.361
100.00,96.72,0.00,143.500,best
100.00,97.12,0.00,149.281,best
100.00,97.64,0.00,154.634,best
100.00,96.99,0.00,160.155
100.00,97.77,0.00,165.270,best
100.00,97.51,0.00,170.874
100.00,97.64,0.00,176.539
100.00,97.12,0.00,182.290
100.00,97.90,0.00,188.003,best
100.00,97.77,0.00,193.538
99.94,97.64,0.00,199.614
100.00,97.77,0.00,205.849
100.00,97.51,0.00,211.985
100.00,97.77,0.00,218.078
100.00,98.17,0.00,223.684,best
100.00,97.38,0.00,229.293
100.00,97.77,0.00,235.070
100.00,97.77,0.00,241.190
100.00,98.03,0.00,247.040
100.00,98.17,0.00,253.167
100.00,98.30,0.00,259.151,best
100.00,98.17,0.00,264.544
100.00,98.43,0.00,269.794,best
100.00,98.03,0.00,275.355
100.00,97.90,0.00,280.993
100.00,98.17,0.00,286.617
100.00,98.17,0.00,292.395
100.00,98.17,0.00,298.254
100.00,98.17,0.00,303.972
100.00,98.69,0.00,310.050,best
100.00,98.03,0.00,315.785
100.00,98.43,0.00,321.470
100.00,98.69,0.00,327.266
100.00,97.90,0.00,332.920
100.00,98.03,0.00,338.372
100.00,98.69,0.00,344.097
100.00,98.03,0.00,349.863
100.00,98.17,0.00,355.550
100.00,98.69,0.00,361.424
100.00,98.17,0.00,367.485
100.00,98.69,0.00,367.485
