################ TRAINING REPORT #################
# Images path   | dataset\fabric\side64\
# Validation    | 0.30
# Height        | 64
# Width         | 64
# Architecure   | 1l_8f_5x5_fc50
# Bacth Size    | 32
# Max epochs    | 500
# Eval Criteria | 0.80
##################################################
train,validation,test,min,time
0.00,0.00,0.00,0.000
11.87,11.27,0.00,7.038,best
26.32,26.34,0.00,12.648,best
42.52,41.42,0.00,18.477,best
63.39,61.86,0.00,24.031,best
69.97,68.28,0.00,29.907,best
73.34,72.21,0.00,35.232,best
78.80,76.67,0.00,41.326,best
83.41,80.87,0.00,47.096,best
87.57,82.57,0.00,52.971,best
90.72,86.24,0.00,58.364,best
94.77,88.60,0.00,64.191,best
96.68,90.83,0.00,69.865,best
97.75,92.27,0.00,75.529,best
98.76,93.58,0.00,80.889,best
99.16,94.50,0.00,86.132,best
99.38,95.15,0.00,92.064,best
99.61,95.94,0.00,97.669,best
99.61,96.59,0.00,103.259,best
99.89,96.72,0.00,109.134,best
99.78,96.20,0.00,114.462
99.89,96.72,0.00,120.113
100.00,96.59,0.00,125.535
99.94,96.85,0.00,131.204,best
100.00,97.12,0.00,137.156,best
99.94,96.85,0.00,143.129
100.00,96.99,0.00,148.600
100.00,97.12,0.00,153.994
99.94,97.25,0.00,159.933,best
100.00,97.38,0.00,165.509,best
100.00,97.51,0.00,170.931,best
100.00,97.51,0.00,176.399
100.00,97.64,0.00,182.553,best
100.00,97.64,0.00,188.240
100.00,97.77,0.00,193.694,best
100.00,98.03,0.00,199.630,best
100.00,97.38,0.00,205.264
100.00,97.64,0.00,211.449
100.00,97.77,0.00,217.104
100.00,97.51,0.00,223.055
100.00,97.64,0.00,228.834
100.00,98.03,0.00,234.334
100.00,98.03,0.00,239.810
100.00,98.17,0.00,245.672,best
100.00,98.17,0.00,251.122
100.00,98.17,0.00,256.648
100.00,97.64,0.00,262.233
100.00,97.38,0.00,268.607
100.00,98.03,0.00,274.604
100.00,98.03,0.00,280.113
100.00,97.77,0.00,285.347
100.00,97.38,0.00,290.812
100.00,97.90,0.00,296.377
100.00,97.77,0.00,302.454
100.00,98.17,0.00,302.454
