################ TRAINING REPORT #################
# Images path   | dataset\fabric\side64\
# Validation    | 0.30
# Height        | 64
# Width         | 64
# Architecure   | 1l_8f_5x5_fc50
# Bacth Size    | 32
# Max epochs    | 500
# Eval Criteria | 0.80
##################################################
train,validation,test,min,time
0.00,0.00,0.00,0.000
4.05,2.75,0.00,7.022,best
27.00,26.74,0.00,13.348,best
39.43,38.93,0.00,19.283,best
63.33,63.43,0.00,25.156,best
69.63,69.59,0.00,30.966,best
71.15,70.90,0.00,37.014,best
72.27,71.69,0.00,43.183,best
75.31,73.26,0.00,48.830,best
78.97,75.49,0.00,55.278,best
80.88,79.03,0.00,60.606,best
85.83,79.82,0.00,66.119,best
87.46,84.14,0.00,72.323,best
92.58,87.16,0.00,78.391,best
93.64,87.68,0.00,84.325,best
95.67,90.17,0.00,90.387,best
97.13,91.35,0.00,96.453,best
98.48,92.14,0.00,102.119,best
98.76,93.97,0.00,107.914,best
99.33,93.32,0.00,113.490
99.38,94.36,0.00,119.128,best
99.72,94.89,0.00,124.808,best
99.94,95.41,0.00,130.592,best
99.83,95.54,0.00,136.588,best
99.89,96.07,0.00,142.275,best
100.00,95.94,0.00,148.226
100.00,96.72,0.00,154.077,best
100.00,96.72,0.00,159.958
100.00,96.59,0.00,165.949
100.00,96.72,0.00,171.175
100.00,96.99,0.00,177.110,best
100.00,97.25,0.00,182.876,best
100.00,97.25,0.00,188.345
100.00,97.12,0.00,194.221
100.00,97.38,0.00,200.205,best
100.00,96.99,0.00,205.857
100.00,97.77,0.00,211.791,best
100.00,97.51,0.00,217.915
100.00,97.25,0.00,223.897
100.00,97.90,0.00,229.556,best
100.00,97.64,0.00,235.587
100.00,97.90,0.00,241.570
100.00,98.03,0.00,247.382,best
100.00,97.90,0.00,253.099
100.00,98.17,0.00,258.397,best
100.00,98.30,0.00,264.141,best
100.00,98.30,0.00,270.277
100.00,98.30,0.00,275.764
100.00,98.30,0.00,281.361
100.00,98.17,0.00,287.360
100.00,98.17,0.00,292.702
100.00,98.30,0.00,298.890
100.00,98.30,0.00,304.716
100.00,98.17,0.00,310.872
100.00,98.43,0.00,316.532,best
100.00,98.30,0.00,322.992
100.00,98.56,0.00,328.962,best
100.00,98.56,0.00,334.885
100.00,98.43,0.00,340.272
100.00,98.56,0.00,346.214
100.00,98.43,0.00,352.266
100.00,98.56,0.00,358.448
100.00,98.03,0.00,363.902
100.00,98.69,0.00,369.931,best
100.00,98.69,0.00,375.758
100.00,98.30,0.00,382.103
100.00,98.56,0.00,387.775
100.00,98.17,0.00,393.900
100.00,98.43,0.00,399.632
100.00,98.56,0.00,405.402
100.00,98.43,0.00,411.510
100.00,98.30,0.00,417.307
100.00,98.43,0.00,423.632
100.00,98.43,0.00,429.843
100.00,98.69,0.00,429.843
