################ TRAINING REPORT #################
# Images path   | dataset\fabric\side64\
# Validation    | 0.30
# Height        | 64
# Width         | 64
# Architecure   | 1l_8f_5x5_fc50
# Bacth Size    | 32
# Max epochs    | 500
# Eval Criteria | 0.80
##################################################
train,validation,test,min,time
0.00,0.00,0.00,0.000
0.39,0.13,0.00,6.458,best
23.90,22.94,0.00,12.214,best
49.33,48.36,0.00,18.116,best
65.97,66.06,0.00,23.850,best
70.58,69.20,0.00,29.332,best
74.18,73.00,0.00,35.097,best
77.17,74.97,0.00,41.035,best
80.60,79.03,0.00,46.548,best
84.36,81.52,0.00,52.236,best
88.86,84.93,0.00,57.487,best
92.13,88.20,0.00,63.313,best
94.66,89.65,0.00,69.014,best
96.34,91.09,0.00,74.568,best
97.81,91.61,0.00,80.037,best
98.76,92.92,0.00,85.600,best
99.16,94.36,0.00,91.100,best
99.61,95.67,0.00,96.879,best
99.72,95.54,0.00,102.722
99.83,96.46,0.00,108.611,best
99.89,96.99,0.00,114.094,best
99.94,97.64,0.00,119.781,best
100.00,96.85,0.00,125.093
100.00,97.77,0.00,131.076,best
100.00,97.51,0.00,136.732
100.00,98.03,0.00,142.427,best
100.00,98.17,0.00,148.450,best
100.00,98.30,0.00,154.169,best
100.00,98.03,0.00,159.448
100.00,97.77,0.00,165.352
100.00,98.03,0.00,171.021
100.00,98.17,0.00,176.294
100.00,98.30,0.00,181.807
100.00,98.43,0.00,187.447,best
100.00,98.69,0.00,192.900,best
100.00,98.69,0.00,198.632
100.00,98.69,0.00,204.544
100.00,99.08,0.00,210.324,best
100.00,98.82,0.00,216.231
100.00,97.77,0.00,221.884
100.00,98.43,0.00,227.870
100.00,98.69,0.00,234.136
100.00,98.95,0.00,239.462
100.00,99.21,0.00,245.118,best
100.00,98.69,0.00,250.750
100.00,98.56,0.00,256.733
100.00,98.95,0.00,262.590
100.00,98.69,0.00,268.372
100.00,98.69,0.00,274.037
100.00,99.08,0.00,279.566
100.00,98.30,0.00,285.396
100.00,98.95,0.00,291.312
100.00,99.08,0.00,297.094
100.00,98.95,0.00,302.778
100.00,99.21,0.00,302.778
