################ TRAINING REPORT #################
# Images path   | dataset\fabric\side64\
# Validation    | 0.30
# Height        | 64
# Width         | 64
# Architecure   | 1l_8f_5x5_fc50
# Bacth Size    | 32
# Max epochs    | 500
# Eval Criteria | 0.80
##################################################
train,validation,test,min,time
0.00,0.00,0.00,0.000
0.00,0.00,0.00,6.548
21.93,20.31,0.00,12.012,best
40.21,40.63,0.00,17.719,best
60.01,58.32,0.00,23.500,best
66.54,66.32,0.00,29.656,best
70.42,69.99,0.00,35.250,best
73.62,72.08,0.00,40.844,best
77.90,74.31,0.00,46.328,best
82.85,77.33,0.00,52.218,best
85.88,80.34,0.00,57.675,best
90.10,82.96,0.00,63.199,best
92.52,85.32,0.00,68.856,best
95.11,87.42,0.00,74.435,best
96.74,89.25,0.00,80.040,best
97.41,90.43,0.00,85.469,best
98.03,92.40,0.00,91.375,best
98.71,92.79,0.00,97.200,best
99.10,93.45,0.00,102.871,best
99.27,94.23,0.00,108.740,best
99.33,95.02,0.00,114.458,best
99.83,95.15,0.00,120.332,best
99.89,95.02,0.00,125.662
100.00,95.54,0.00,131.125,best
100.00,96.07,0.00,136.436,best
100.00,96.59,0.00,142.093,best
100.00,96.33,0.00,148.654
100.00,97.12,0.00,154.479,best
100.00,96.72,0.00,160.115
100.00,96.59,0.00,165.816
100.00,97.77,0.00,171.533,best
100.00,97.51,0.00,177.183
100.00,98.17,0.00,182.680,best
100.00,97.77,0.00,188.492
100.00,98.17,0.00,193.960
100.00,97.90,0.00,199.456
100.00,96.99,0.00,205.070
100.00,98.17,0.00,211.163
100.00,98.17,0.00,216.840
100.00,98.30,0.00,222.309,best
100.00,98.03,0.00,228.026
100.00,98.17,0.00,233.650
100.00,98.03,0.00,239.679
100.00,97.90,0.00,245.537
100.00,96.46,0.00,251.223
100.00,98.17,0.00,257.003
100.00,98.30,0.00,262.714
100.00,98.17,0.00,268.761
100.00,97.25,0.00,274.181
100.00,98.43,0.00,280.273,best
100.00,98.30,0.00,285.570
100.00,98.43,0.00,291.241
100.00,98.43,0.00,296.820
100.00,97.90,0.00,302.571
100.00,98.43,0.00,308.772
100.00,98.43,0.00,314.491
100.00,98.69,0.00,320.084,best
100.00,98.56,0.00,326.176
100.00,98.69,0.00,332.347
100.00,98.43,0.00,338.066
100.00,98.82,0.00,344.019,best
100.00,98.43,0.00,349.660
100.00,98.69,0.00,355.176
100.00,98.56,0.00,360.599
100.00,98.56,0.00,366.146
100.00,98.56,0.00,371.598
100.00,97.77,0.00,377.425
100.00,98.69,0.00,383.268
100.00,98.17,0.00,388.766
100.00,98.82,0.00,394.513
100.00,98.43,0.00,400.169
100.00,98.82,0.00,400.169
