################ TRAINING REPORT #################
# Images path   | dataset\fabric\side64\
# Validation    | 0.30
# Height        | 64
# Width         | 64
# Architecure   | 1l_8f_5x5_fc50
# Bacth Size    | 32
# Max epochs    | 500
# Eval Criteria | 0.80
##################################################
train,validation,test,min,time
0.00,0.00,0.00,0.000
0.06,0.13,0.00,6.736,best
27.39,26.74,0.00,12.549,best
58.04,56.62,0.00,18.097,best
69.18,69.59,0.00,23.398,best
71.03,71.17,0.00,28.976,best
72.67,72.48,0.00,34.612,best
76.32,74.57,0.00,40.064,best
80.71,79.42,0.00,45.312,best
84.31,82.04,0.00,50.907,best
88.53,85.98,0.00,56.731,best
92.86,88.20,0.00,62.390,best
94.99,90.69,0.00,68.280,best
96.40,93.45,0.00,74.052,best
97.92,95.94,0.00,79.584,best
98.48,96.33,0.00,85.082,best
99.38,96.72,0.00,90.523,best
99.49,96.99,0.00,96.367,best
99.89,96.85,0.00,102.303
99.94,97.64,0.00,107.895,best
99.94,97.77,0.00,113.270,best
99.94,97.90,0.00,118.877,best
100.00,97.90,0.00,124.440
100.00,98.17,0.00,130.158,best
100.00,98.03,0.00,135.752
100.00,98.30,0.00,141.985,best
100.00,98.43,0.00,147.829,best
100.00,98.43,0.00,153.626
100.00,98.30,0.00,159.265
100.00,98.30,0.00,164.715
100.00,98.43,0.00,170.430
100.00,98.69,0.00,176.102,best
100.00,98.56,0.00,181.899
100.00,98.69,0.00,187.991
100.00,98.56,0.00,193.788
100.00,98.69,0.00,200.051
100.00,98.56,0.00,205.880
100.00,98.43,0.00,212.049
100.00,98.43,0.00,217.786
100.00,98.69,0.00,223.692
100.00,98.30,0.00,229.297
100.00,98.82,0.00,235.293,best
100.00,98.82,0.00,240.994
100.00,98.56,0.00,246.836
100.00,98.43,0.00,252.384
100.00,98.56,0.00,258.190
100.00,98.56,0.00,264.581
100.00,98.82,0.00,270.345
100.00,98.82,0.00,275.854
100.00,98.69,0.00,281.494
100.00,98.69,0.00,287.292
100.00,98.82,0.00,293.338
100.00,98.82,0.00,293.338
