################ TRAINING REPORT #################
# Images path   | dataset\fabric\side64\
# Validation    | 0.30
# Height        | 64
# Width         | 64
# Architecure   | 1l_8f_5x5_fc50
# Bacth Size    | 32
# Max epochs    | 500
# Eval Criteria | 0.80
##################################################
train,validation,test,min,time
0.00,0.00,0.00,0.000
9.73,9.57,0.00,7.010,best
14.34,14.29,0.00,12.783,best
45.67,44.82,0.00,18.502,best
64.68,64.35,0.00,24.090,best
73.12,71.43,0.00,30.246,best
77.67,74.31,0.00,35.825,best
81.10,76.67,0.00,41.247,best
85.43,79.42,0.00,47.006,best
87.85,83.62,0.00,52.818,best
90.33,85.19,0.00,58.599,best
92.80,87.29,0.00,64.245,best
94.54,88.47,0.00,69.678,best
96.40,90.43,0.00,75.377,best
97.19,91.35,0.00,81.424,best
98.26,92.40,0.00,87.299,best
98.65,92.92,0.00,93.153,best
99.10,93.84,0.00,98.652,best
99.27,94.36,0.00,104.384,best
99.49,95.28,0.00,109.576,best
99.61,95.15,0.00,115.360
99.78,95.54,0.00,121.274,best
99.78,96.33,0.00,126.820,best
99.89,96.59,0.00,132.666,best
99.94,96.20,0.00,138.089
99.94,96.46,0.00,144.071
99.89,96.59,0.00,149.773
100.00,97.51,0.00,155.488,best
100.00,97.25,0.00,161.022
100.00,97.51,0.00,166.442
100.00,97.51,0.00,172.234
100.00,97.38,0.00,178.232
100.00,97.51,0.00,183.435
100.00,98.03,0.00,189.108,best
100.00,97.51,0.00,194.593
100.00,97.25,0.00,200.434
100.00,97.90,0.00,205.900
100.00,97.64,0.00,211.317
100.00,97.51,0.00,217.050
100.00,98.03,0.00,222.500
100.00,97.90,0.00,228.544
100.00,98.17,0.00,234.166,best
100.00,98.03,0.00,239.649
100.00,98.17,0.00,245.102
100.00,98.30,0.00,250.885,best
100.00,98.17,0.00,257.182
100.00,98.03,0.00,262.807
100.00,98.30,0.00,268.636
100.00,97.77,0.00,274.073
100.00,97.64,0.00,279.668
100.00,97.64,0.00,284.934
100.00,98.17,0.00,290.729
100.00,98.30,0.00,296.478
100.00,98.30,0.00,302.714
100.00,98.30,0.00,308.289
100.00,98.30,0.00,308.289
