################ TRAINING REPORT #################
# Images path   | dataset\fabric\side64\
# Validation    | 0.30
# Height        | 64
# Width         | 64
# Architecure   | 1l_8f_5x5_fc50
# Bacth Size    | 32
# Max epochs    | 500
# Eval Criteria | 0.80
##################################################
train,validation,test,min,time
0.00,0.00,0.00,0.000
5.06,3.80,0.00,6.596,best
27.62,27.26,0.00,12.596,best
36.50,36.83,0.00,18.456,best
58.21,56.62,0.00,23.693,best
68.56,68.41,0.00,29.654,best
70.42,70.51,0.00,35.356,best
71.93,71.56,0.00,41.336,best
74.58,74.71,0.00,47.239,best
78.18,77.46,0.00,52.873,best
82.45,81.00,0.00,58.295,best
85.83,82.57,0.00,63.879,best
88.36,85.85,0.00,69.442,best
90.89,87.81,0.00,75.255,best
92.86,89.25,0.00,80.488,best
95.22,90.56,0.00,85.864,best
96.34,91.87,0.00,91.439,best
97.36,93.32,0.00,97.468,best
98.31,94.63,0.00,102.650,best
98.99,95.02,0.00,108.647,best
99.55,95.41,0.00,114.206,best
99.72,96.33,0.00,119.798,best
98.88,96.72,0.00,125.564,best
99.89,96.99,0.00,131.174,best
99.89,97.12,0.00,136.661,best
99.94,97.38,0.00,142.411,best
99.61,96.72,0.00,148.052
100.00,97.77,0.00,153.771,best
100.00,97.64,0.00,159.035
100.00,98.17,0.00,164.781,best
100.00,98.03,0.00,169.907
100.00,97.77,0.00,175.890
100.00,97.90,0.00,181.593
100.00,98.30,0.00,187.769,best
100.00,98.03,0.00,192.873
100.00,98.17,0.00,198.371
100.00,98.43,0.00,204.123,best
100.00,98.30,0.00,209.920
100.00,97.77,0.00,215.469
100.00,98.30,0.00,221.515
100.00,98.17,0.00,227.091
100.00,98.17,0.00,232.705
100.00,98.17,0.00,238.384
100.00,98.30,0.00,244.197
100.00,98.30,0.00,250.259
100.00,98.17,0.00,256.288
100.00,98.43,0.00,261.523
100.00,98.43,0.00,261.523
