################ TRAINING REPORT #################
# Images path   | dataset\fabric\side64\
# Validation    | 0.30
# Height        | 64
# Width         | 64
# Architecure   | 1l_8f_5x5_fc50
# Bacth Size    | 32
# Max epochs    | 500
# Eval Criteria | 0.80
##################################################
train,validation,test,min,time
0.00,0.00,0.00,0.000
0.00,0.00,0.00,6.906
27.22,27.26,0.00,12.570,best
41.56,41.55,0.00,18.429,best
57.42,56.62,0.00,23.696,best
68.39,66.58,0.00,29.619,best
70.64,69.46,0.00,35.106,best
73.73,71.30,0.00,40.666,best
77.56,74.18,0.00,46.384,best
81.95,77.98,0.00,51.854,best
86.56,82.31,0.00,57.252,best
89.99,85.06,0.00,62.680,best
91.34,88.20,0.00,68.050,best
95.05,90.69,0.00,73.879,best
96.91,91.87,0.00,79.722,best
98.14,93.45,0.00,85.276,best
98.59,93.32,0.00,90.805
99.27,94.50,0.00,96.564,best
99.78,94.76,0.00,102.219,best
99.83,95.02,0.00,107.907,best
99.72,96.07,0.00,113.642,best
99.89,95.94,0.00,119.405
99.89,96.46,0.00,124.905,best
100.00,96.99,0.00,130.282,best
100.00,96.33,0.00,135.986
100.00,97.38,0.00,141.908,best
100.00,97.25,0.00,147.579
100.00,96.85,0.00,152.936
100.00,97.25,0.00,159.172
100.00,97.77,0.00,164.935,best
100.00,97.64,0.00,170.495
100.00,97.38,0.00,176.214
100.00,97.25,0.00,181.552
100.00,98.17,0.00,187.061,best
100.00,98.30,0.00,192.514,best
100.00,97.51,0.00,197.902
100.00,98.03,0.00,203.713
100.00,98.17,0.00,209.598
100.00,98.17,0.00,215.254
100.00,97.77,0.00,221.004
100.00,98.17,0.00,226.784
100.00,98.43,0.00,232.252,best
100.00,98.43,0.00,237.690
100.00,97.25,0.00,243.567
100.00,98.17,0.00,249.221
100.00,97.51,0.00,255.031
100.00,98.56,0.00,260.717,best
100.00,98.43,0.00,266.153
100.00,98.30,0.00,271.947
100.00,98.30,0.00,278.305
100.00,98.69,0.00,283.941,best
100.00,98.56,0.00,289.363
100.00,98.43,0.00,294.676
100.00,98.69,0.00,300.608
100.00,98.56,0.00,306.314
100.00,98.43,0.00,311.907
100.00,98.30,0.00,317.737
100.00,98.43,0.00,323.839
100.00,98.30,0.00,329.678
100.00,98.43,0.00,335.427
100.00,98.43,0.00,341.112
100.00,98.69,0.00,341.112
