################ TRAINING REPORT #################
# Images path   | dataset\fabric\side64\
# Validation    | 0.30
# Height        | 64
# Width         | 64
# Architecure   | 1l_8f_5x5_fc50
# Bacth Size    | 32
# Max epochs    | 500
# Eval Criteria | 0.80
##################################################
train,validation,test,min,time
0.00,0.00,0.00,0.000
0.00,0.00,0.00,6.377
25.37,25.16,0.00,11.721,best
42.29,42.99,0.00,17.124,best
61.98,62.25,0.00,23.079,best
68.22,67.76,0.00,28.344,best
69.80,69.46,0.00,33.703,best
70.47,71.17,0.00,39.195,best
74.02,72.35,0.00,44.820,best
79.47,77.33,0.00,50.304,best
84.03,81.91,0.00,55.869,best
88.64,84.67,0.00,61.182,best
91.79,86.50,0.00,66.352,best
94.32,89.38,0.00,71.492,best
96.34,91.74,0.00,76.864,best
96.96,92.66,0.00,82.109,best
98.20,93.84,0.00,87.311,best
98.48,94.50,0.00,92.468,best
99.16,95.41,0.00,97.860,best
99.78,96.20,0.00,103.231,best
99.94,96.46,0.00,108.468,best
99.94,97.12,0.00,113.812,best
100.00,97.51,0.00,120.078,best
100.00,97.25,0.00,125.468
100.00,97.51,0.00,130.655
100.00,98.17,0.00,137.248,best
100.00,97.90,0.00,143.321
100.00,97.90,0.00,148.509
100.00,98.43,0.00,154.001,best
100.00,98.69,0.00,159.407,best
100.00,98.17,0.00,165.662
100.00,98.56,0.00,170.887
100.00,98.56,0.00,176.082
100.00,98.56,0.00,181.558
100.00,98.95,0.00,187.432,best
100.00,98.56,0.00,192.791
100.00,98.95,0.00,198.541
100.00,98.56,0.00,204.046
100.00,98.82,0.00,209.832
100.00,98.43,0.00,215.106
100.00,98.69,0.00,220.575
100.00,99.08,0.00,226.217,best
100.00,98.69,0.00,231.793
100.00,98.69,0.00,237.209
100.00,99.08,0.00,242.550
100.00,98.82,0.00,247.846
100.00,99.08,0.00,253.601
100.00,98.82,0.00,259.223
100.00,99.21,0.00,264.656,best
100.00,99.08,0.00,270.577
100.00,98.69,0.00,276.506
100.00,98.82,0.00,281.750
100.00,98.95,0.00,287.188
100.00,99.08,0.00,292.880
100.00,99.21,0.00,298.770
100.00,99.08,0.00,304.363
100.00,99.08,0.00,309.408
100.00,98.82,0.00,314.969
100.00,98.82,0.00,320.626
100.00,99.21,0.00,320.626
