################ TRAINING REPORT #################
# Images path   | dataset\fabric\side64\
# Validation    | 0.30
# Height        | 64
# Width         | 64
# Architecure   | 1l_8f_5x5_fc50
# Bacth Size    | 32
# Max epochs    | 500
# Eval Criteria | 0.80
##################################################
train,validation,test,min,time
0.00,0.00,0.00,0.000
13.89,14.29,0.00,6.610,best
14.62,14.68,0.00,11.998,best
28.29,28.05,0.00,17.265,best
48.65,48.10,0.00,23.326,best
62.77,61.73,0.00,28.760,best
69.57,66.06,0.00,34.261,best
75.03,70.12,0.00,39.825,best
79.81,73.26,0.00,45.189,best
83.75,76.54,0.00,50.766,best
86.56,80.73,0.00,56.642,best
89.65,82.70,0.00,61.983,best
92.01,85.19,0.00,67.465,best
93.98,86.76,0.00,72.739,best
95.05,87.55,0.00,78.536,best
96.40,88.99,0.00,83.987,best
97.02,89.78,0.00,89.785,best
97.64,90.17,0.00,95.393,best
98.31,91.09,0.00,101.079,best
99.04,93.05,0.00,106.733,best
99.49,92.92,0.00,112.218
99.55,93.97,0.00,117.903,best
99.04,94.23,0.00,123.763,best
99.83,95.28,0.00,129.606,best
99.94,95.15,0.00,135.421
99.94,95.02,0.00,141.191
100.00,96.07,0.00,146.877,best
100.00,96.33,0.00,152.313,best
100.00,96.72,0.00,157.922,best
100.00,96.46,0.00,163.405
100.00,96.99,0.00,169.530,best
100.00,97.51,0.00,174.856,best
100.00,97.90,0.00,180.570,best
100.00,97.64,0.00,186.206
100.00,96.33,0.00,191.736
100.00,97.64,0.00,197.508
100.00,97.12,0.00,203.287
100.00,96.99,0.00,208.662
100.00,97.77,0.00,214.132
100.00,97.51,0.00,219.457
100.00,97.77,0.00,224.890
100.00,97.64,0.00,230.655
100.00,98.03,0.00,236.653,best
100.00,97.64,0.00,242.589
100.00,97.64,0.00,247.979
100.00,98.30,0.00,253.291,best
100.00,98.03,0.00,258.835
100.00,97.64,0.00,264.413
100.00,97.64,0.00,270.052
100.00,97.77,0.00,275.678
100.00,97.90,0.00,281.770
100.00,97.90,0.00,287.488
100.00,98.03,0.00,292.957
100.00,98.17,0.00,298.595
100.00,97.25,0.00,304.689
100.00,98.17,0.00,310.343
100.00,98.30,0.00,310.343
