################ TRAINING REPORT #################
# Images path   | dataset\fabric\side64\
# Validation    | 0.30
# Height        | 64
# Width         | 64
# Architecure   | 1l_8f_5x5_fc50
# Bacth Size    | 32
# Max epochs    | 500
# Eval Criteria | 0.80
##################################################
train,validation,test,min,time
0.00,0.00,0.00,0.000
0.51,0.13,0.00,6.550,best
14.85,14.81,0.00,12.711,best
31.44,33.42,0.00,18.210,best
54.27,52.82,0.00,23.944,best
67.38,66.32,0.00,29.587,best
71.65,71.69,0.00,34.975,best
75.82,73.66,0.00,40.302,best
79.53,79.69,0.00,45.940,best
84.20,81.91,0.00,51.894,best
88.58,86.11,0.00,56.943,best
91.96,88.60,0.00,62.786,best
94.09,88.86,0.00,68.709,best
96.40,92.01,0.00,74.632,best
97.53,93.05,0.00,79.849,best
98.59,94.50,0.00,86.035,best
99.04,94.89,0.00,91.826,best
99.49,96.20,0.00,97.559,best
99.66,96.20,0.00,102.966
99.83,97.25,0.00,108.980,best
99.94,97.38,0.00,114.560,best
99.89,97.12,0.00,120.103
99.83,96.72,0.00,125.427
100.00,97.77,0.00,130.912,best
100.00,98.17,0.00,136.911,best
100.00,97.64,0.00,142.693
100.00,98.43,0.00,148.222,best
100.00,98.17,0.00,154.411
100.00,98.56,0.00,160.365,best
100.00,98.17,0.00,165.706
100.00,98.43,0.00,171.251
100.00,98.69,0.00,176.406,best
100.00,98.69,0.00,181.746
100.00,98.56,0.00,187.450
100.00,98.43,0.00,192.993
100.00,98.43,0.00,198.522
100.00,99.08,0.00,204.161,best
100.00,98.43,0.00,209.944
100.00,98.56,0.00,215.190
100.00,98.56,0.00,220.922
100.00,98.69,0.00,226.311
100.00,99.08,0.00,232.348
100.00,99.08,0.00,238.350
100.00,98.82,0.00,244.274
100.00,98.69,0.00,250.036
100.00,98.82,0.00,256.065
100.00,99.08,0.00,261.517
100.00,99.08,0.00,261.517
