################ TRAINING REPORT #################
# Images path   | dataset\fabric\side64\
# Validation    | 0.30
# Height        | 64
# Width         | 64
# Architecure   | 1l_8f_5x5_fc50
# Bacth Size    | 32
# Max epochs    | 500
# Eval Criteria | 0.80
##################################################
train,validation,test,min,time
0.00,0.00,0.00,0.000
0.00,0.00,0.00,7.010
17.72,16.38,0.00,12.703,best
58.21,57.27,0.00,19.342,best
67.89,67.50,0.00,24.779,best
71.32,70.38,0.00,30.371,best
76.27,73.92,0.00,35.995,best
82.28,78.64,0.00,42.073,best
87.40,83.75,0.00,47.406,best
91.00,86.50,0.00,53.233,best
94.66,89.78,0.00,58.607,best
96.29,91.09,0.00,64.498,best
97.98,92.27,0.00,70.228,best
98.65,93.45,0.00,75.847,best
98.48,93.58,0.00,82.006,best
99.21,95.41,0.00,87.694,best
99.72,95.67,0.00,93.263,best
99.83,96.33,0.00,98.914,best
99.72,96.46,0.00,105.008,best
100.00,96.99,0.00,110.852,best
99.89,96.46,0.00,116.470
100.00,97.25,0.00,122.204,best
99.94,97.25,0.00,127.669
100.00,97.38,0.00,133.389,best
100.00,97.64,0.00,139.058,best
100.00,97.25,0.00,144.864
100.00,97.64,0.00,150.613
100.00,98.03,0.00,156.425,best
100.00,97.64,0.00,161.903
100.00,97.38,0.00,167.808
100.00,98.03,0.00,173.138
100.00,98.17,0.00,179.210,best
100.00,98.30,0.00,185.007,best
100.00,97.51,0.00,190.569
100.00,97.51,0.00,196.086
100.00,98.17,0.00,201.897
100.00,97.90,0.00,207.570
100.00,98.30,0.00,213.431
100.00,97.77,0.00,219.257
100.00,97.90,0.00,224.927
100.00,98.03,0.00,230.331
100.00,98.03,0.00,236.433
100.00,98.17,0.00,241.793
100.00,98.30,0.00,241.793
