################ TRAINING REPORT #################
# Images path   | dataset\fabric\side64\
# Validation    | 0.30
# Height        | 64
# Width         | 64
# Architecure   | 1l_8f_5x5_fc50
# Bacth Size    | 32
# Max epochs    | 500
# Eval Criteria | 0.80
##################################################
train,validation,test,min,time
0.00,0.00,0.00,0.000
8.83,8.39,0.00,6.880,best
23.79,22.94,0.00,12.629,best
39.31,40.37,0.00,18.593,best
60.91,59.24,0.00,24.302,best
68.67,66.84,0.00,29.802,best
71.20,69.59,0.00,35.472,best
74.63,73.13,0.00,41.188,best
78.29,76.15,0.00,46.517,best
83.58,80.34,0.00,52.140,best
87.74,83.09,0.00,57.810,best
90.89,85.98,0.00,63.560,best
93.25,88.20,0.00,69.123,best
95.05,89.12,0.00,74.542,best
95.84,90.43,0.00,80.229,best
98.37,92.27,0.00,85.697,best
98.88,93.32,0.00,91.367,best
98.93,93.45,0.00,97.116,best
99.49,94.76,0.00,102.706,best
99.72,94.89,0.00,108.389,best
99.89,96.07,0.00,114.170,best
99.89,96.20,0.00,119.715,best
99.83,95.54,0.00,125.387
99.94,96.07,0.00,131.245
100.00,96.72,0.00,136.975,best
99.94,96.99,0.00,142.458,best
100.00,96.59,0.00,148.316
100.00,97.12,0.00,153.783,best
100.00,96.99,0.00,159.142
99.94,97.51,0.00,164.533,best
100.00,97.38,0.00,170.641
100.00,97.64,0.00,176.473,best
100.00,97.77,0.00,182.251,best
100.00,97.77,0.00,188.005
100.00,97.77,0.00,193.998
100.00,97.64,0.00,199.247
100.00,97.38,0.00,204.688
100.00,97.64,0.00,210.510
100.00,97.77,0.00,216.524
100.00,97.38,0.00,222.086
100.00,97.64,0.00,227.803
100.00,98.03,0.00,233.551,best
100.00,98.30,0.00,239.345,best
100.00,97.90,0.00,245.095
100.00,98.03,0.00,251.024
100.00,97.90,0.00,256.935
100.00,98.43,0.00,262.513,best
100.00,98.43,0.00,268.448
100.00,98.17,0.00,274.181
100.00,97.77,0.00,279.836
100.00,97.64,0.00,285.334
100.00,98.43,0.00,291.004
100.00,98.56,0.00,296.424,best
100.00,98.56,0.00,302.067
100.00,98.56,0.00,307.816
100.00,98.56,0.00,313.642
100.00,98.43,0.00,319.234
100.00,98.43,0.00,324.903
100.00,98.82,0.00,330.741,best
100.00,98.56,0.00,336.160
100.00,98.69,0.00,341.736
100.00,98.43,0.00,347.313
100.00,97.90,0.00,352.858
100.00,98.03,0.00,358.747
100.00,98.43,0.00,364.770
100.00,98.30,0.00,370.551
100.00,98.17,0.00,375.988
100.00,98.17,0.00,381.989
100.00,98.43,0.00,387.673
100.00,98.82,0.00,387.673
