################ TRAINING REPORT #################
# Images path   | dataset\fabric\side64\
# Validation    | 0.30
# Height        | 64
# Width         | 64
# Architecure   | 1l_8f_5x5_fc50
# Bacth Size    | 32
# Max epochs    | 500
# Eval Criteria | 0.80
##################################################
train,validation,test,min,time
0.00,0.00,0.00,0.000
0.00,0.00,0.00,6.837
25.48,25.69,0.00,12.522,best
59.22,59.76,0.00,17.945,best
68.62,68.68,0.00,23.491,best
70.75,69.59,0.00,29.017,best
74.80,73.92,0.00,34.646,best
79.87,79.82,0.00,39.987,best
85.21,82.70,0.00,45.758,best
88.64,85.71,0.00,51.881,best
91.56,88.99,0.00,57.538,best
94.88,91.09,0.00,62.974,best
96.23,91.87,0.00,68.349,best
97.41,93.18,0.00,73.923,best
97.47,92.14,0.00,80.189
98.65,94.23,0.00,85.955,best
98.37,94.63,0.00,91.263,best
99.55,95.28,0.00,97.093,best
99.38,95.15,0.00,102.593
99.66,95.67,0.00,108.435,best
99.94,95.81,0.00,114.358,best
99.94,96.59,0.00,119.811,best
100.00,96.07,0.00,125.293
99.94,96.33,0.00,130.531
99.94,96.07,0.00,136.066
99.94,95.81,0.00,141.911
100.00,96.59,0.00,147.737
100.00,96.85,0.00,153.343,best
100.00,97.25,0.00,159.056,best
100.00,96.85,0.00,164.385
100.00,97.64,0.00,170.034,best
100.00,96.85,0.00,175.236
100.00,97.12,0.00,181.013
100.00,97.64,0.00,186.372
100.00,97.64,0.00,192.572
100.00,97.90,0.00,198.323,best
100.00,97.51,0.00,204.012
100.00,97.90,0.00,209.863
100.00,97.25,0.00,215.544
100.00,96.99,0.00,221.386
100.00,97.90,0.00,227.181
100.00,97.77,0.00,232.602
100.00,97.64,0.00,238.141
100.00,97.77,0.00,243.825
100.00,97.90,0.00,249.391
100.00,97.77,0.00,255.642
100.00,97.90,0.00,255.642
