################ TRAINING REPORT #################
# Images path   | dataset\fabric\side64\
# Validation    | 0.30
# Height        | 64
# Width         | 64
# Architecure   | 1l_8f_5x5_fc50
# Bacth Size    | 32
# Max epochs    | 500
# Eval Criteria | 0.80
##################################################
train,validation,test,min,time
0.00,0.00,0.00,0.000
1.91,0.92,0.00,6.492,best
27.39,26.87,0.00,12.509,best
28.18,27.92,0.00,17.876,best
47.75,47.58,0.00,23.636,best
64.12,64.74,0.00,28.857,best
69.01,68.94,0.00,35.093,best
71.48,71.69,0.00,40.420,best
77.33,75.88,0.00,45.763,best
81.16,79.82,0.00,51.169,best
85.60,81.91,0.00,56.713,best
89.76,85.58,0.00,62.278,best
92.35,87.42,0.00,67.807,best
95.11,90.17,0.00,73.385,best
95.78,90.96,0.00,79.478,best
97.64,93.71,0.00,85.197,best
98.26,93.71,0.00,90.634
99.27,94.76,0.00,95.993,best
99.49,95.28,0.00,101.930,best
99.38,96.07,0.00,107.204,best
99.78,96.46,0.00,113.124,best
99.83,96.20,0.00,118.733
99.94,96.72,0.00,124.858,best
99.83,97.25,0.00,130.292,best
99.94,97.51,0.00,136.009,best
100.00,97.90,0.00,141.499,best
99.94,97.90,0.00,147.450
100.00,97.90,0.00,152.934
100.00,97.77,0.00,158.575
100.00,98.03,0.00,164.139,best
100.00,98.43,0.00,170.117,best
100.00,97.77,0.00,175.170
100.00,98.30,0.00,180.506
100.00,98.30,0.00,186.642
100.00,98.69,0.00,192.686,best
100.00,97.64,0.00,198.094
100.00,98.56,0.00,203.664
100.00,98.43,0.00,209.196
100.00,98.17,0.00,214.813
100.00,98.82,0.00,220.308,best
100.00,98.69,0.00,225.837
100.00,98.03,0.00,231.774
100.00,98.43,0.00,237.649
100.00,98.82,0.00,243.170
100.00,98.82,0.00,248.441
100.00,98.95,0.00,254.320,best
100.00,98.82,0.00,259.923
100.00,98.43,0.00,265.345
100.00,98.95,0.00,271.234
100.00,98.43,0.00,276.796
100.00,98.56,0.00,282.889
100.00,98.82,0.00,288.309
100.00,98.95,0.00,294.307
100.00,98.82,0.00,299.603
100.00,98.82,0.00,305.524
100.00,98.95,0.00,311.336
100.00,98.95,0.00,311.336
