################ TRAINING REPORT #################
# Images path   | dataset\fabric\side64\
# Validation    | 0.30
# Height        | 64
# Width         | 64
# Architecure   | 1l_8f_5x5_fc50
# Bacth Size    | 32
# Max epochs    | 500
# Eval Criteria | 0.80
##################################################
train,validation,test,min,time
0.00,0.00,0.00,0.000
0.00,0.00,0.00,6.957
26.10,25.16,0.00,12.618,best
32.96,30.67,0.00,17.890,best
56.36,56.36,0.00,23.650,best
65.41,64.61,0.00,29.230,best
68.28,66.84,0.00,35.042,best
69.69,67.89,0.00,40.685,best
71.15,69.72,0.00,46.372,best
73.79,71.69,0.00,52.052,best
78.80,73.92,0.00,57.272,best
84.36,78.77,0.00,63.210,best
88.98,82.18,0.00,68.586,best
91.56,85.85,0.00,74.709,best
94.49,88.20,0.00,80.273,best
96.46,89.52,0.00,86.115,best
98.14,92.53,0.00,91.738,best
98.20,91.74,0.00,97.769
98.88,94.10,0.00,104.439,best
99.55,93.84,0.00,110.157
99.66,94.36,0.00,115.734,best
99.94,95.41,0.00,121.547,best
99.94,95.15,0.00,127.172
99.83,95.54,0.00,132.703,best
99.94,95.41,0.00,138.154
99.94,95.94,0.00,143.802,best
100.00,95.41,0.00,149.725
100.00,96.46,0.00,155.518,best
100.00,96.46,0.00,161.016
100.00,95.94,0.00,166.501
100.00,96.07,0.00,171.219
100.00,96.85,0.00,176.775,best
100.00,96.59,0.00,182.411
100.00,96.20,0.00,188.065
100.00,96.72,0.00,193.547
100.00,96.20,0.00,199.545
100.00,97.25,0.00,205.561,best
100.00,97.77,0.00,211.499,best
100.00,96.85,0.00,217.265
100.00,96.33,0.00,222.701
100.00,96.72,0.00,228.622
100.00,97.51,0.00,234.635
100.00,97.64,0.00,240.401
100.00,96.85,0.00,246.339
100.00,97.51,0.00,252.462
100.00,96.85,0.00,258.259
100.00,97.90,0.00,263.736,best
100.00,98.03,0.00,269.467,best
100.00,96.72,0.00,275.049
100.00,97.12,0.00,280.978
100.00,97.38,0.00,286.588
100.00,97.90,0.00,292.196
100.00,98.17,0.00,298.025,best
100.00,98.03,0.00,303.847
100.00,97.90,0.00,309.720
100.00,97.64,0.00,315.670
100.00,96.85,0.00,321.170
100.00,96.46,0.00,327.092
100.00,97.12,0.00,332.885
100.00,98.17,0.00,338.569
100.00,98.30,0.00,344.487,best
100.00,96.72,0.00,350.225
100.00,97.77,0.00,355.713
100.00,97.12,0.00,360.993
100.00,97.77,0.00,366.459
100.00,97.12,0.00,372.645
100.00,97.25,0.00,378.832
100.00,97.38,0.00,384.580
100.00,97.90,0.00,390.485
100.00,98.03,0.00,396.313
100.00,97.77,0.00,402.155
100.00,98.30,0.00,402.155
