################ TRAINING REPORT #################
# Images path   | dataset\fabric\side64\
# Validation    | 0.30
# Height        | 64
# Width         | 64
# Architecure   | 1l_8f_5x5_fc50
# Bacth Size    | 32
# Max epochs    | 500
# Eval Criteria | 0.80
##################################################
train,validation,test,min,time
0.00,0.00,0.00,0.000
0.00,0.00,0.00,6.277
14.29,14.29,0.00,12.134,best
37.96,38.14,0.00,17.564,best
61.81,62.52,0.00,22.933,best
67.89,67.89,0.00,28.086,best
71.20,69.46,0.00,34.143,best
74.47,72.21,0.00,39.891,best
78.18,78.11,0.00,45.337,best
84.36,81.13,0.00,51.133,best
89.20,84.93,0.00,56.584,best
91.45,87.16,0.00,61.896,best
93.64,89.25,0.00,67.177,best
96.06,91.74,0.00,72.654,best
97.08,93.32,0.00,78.419,best
97.86,94.50,0.00,84.259,best
98.54,95.15,0.00,89.836,best
99.04,95.41,0.00,95.419,best
99.38,96.20,0.00,101.042,best
99.66,96.59,0.00,106.997,best
99.78,97.12,0.00,112.901,best
99.89,97.25,0.00,118.311,best
99.89,97.51,0.00,124.312,best
99.89,97.25,0.00,129.971
99.94,97.64,0.00,135.237,best
100.00,97.64,0.00,141.016
100.00,97.77,0.00,147.114,best
100.00,97.64,0.00,152.481
100.00,97.51,0.00,157.871
100.00,97.90,0.00,163.555,best
100.00,97.51,0.00,169.209
100.00,98.03,0.00,174.485,best
100.00,97.90,0.00,180.217
100.00,98.03,0.00,186.375
100.00,98.17,0.00,191.791,best
100.00,98.03,0.00,197.526
100.00,98.30,0.00,202.917,best
100.00,98.03,0.00,208.727
100.00,98.17,0.00,214.366
100.00,98.30,0.00,219.708
100.00,98.03,0.00,225.613
100.00,98.03,0.00,231.299
100.00,98.17,0.00,237.581
100.00,98.30,0.00,243.752
100.00,98.03,0.00,249.070
100.00,98.17,0.00,254.898
100.00,98.30,0.00,260.599
100.00,98.30,0.00,260.599
