################ TRAINING REPORT #################
# Images path   | dataset\fabric\side64\
# Validation    | 0.30
# Height        | 64
# Width         | 64
# Architecure   | 1l_8f_5x5_fc50
# Bacth Size    | 32
# Max epochs    | 500
# Eval Criteria | 0.80
##################################################
train,validation,test,min,time
0.00,0.00,0.00,0.000
13.44,13.50,0.00,6.808,best
24.92,24.25,0.00,12.567,best
38.75,38.27,0.00,18.410,best
50.96,50.07,0.00,24.221,best
64.17,62.78,0.00,30.048,best
69.97,67.76,0.00,35.845,best
76.15,73.66,0.00,41.501,best
81.66,77.20,0.00,47.140,best
85.71,83.62,0.00,52.624,best
89.99,86.89,0.00,58.344,best
92.29,89.25,0.00,64.749,best
94.49,91.48,0.00,70.236,best
96.12,92.14,0.00,75.812,best
96.85,93.18,0.00,81.516,best
98.65,93.84,0.00,87.576,best
98.82,94.76,0.00,93.277,best
99.10,95.28,0.00,98.683,best
99.61,95.41,0.00,104.594,best
99.61,95.67,0.00,110.004,best
99.66,95.94,0.00,115.644,best
99.89,96.33,0.00,121.126,best
99.94,96.46,0.00,126.859,best
100.00,96.59,0.00,132.709,best
100.00,96.59,0.00,138.553
99.94,96.72,0.00,144.007,best
100.00,96.99,0.00,150.099,best
100.00,96.99,0.00,155.779
100.00,97.12,0.00,161.341,best
100.00,96.85,0.00,167.166
100.00,97.25,0.00,173.202,best
100.00,97.38,0.00,178.765,best
100.00,97.38,0.00,184.570
100.00,97.64,0.00,190.443,best
100.00,97.25,0.00,196.616
100.00,97.90,0.00,202.325,best
100.00,97.77,0.00,207.891
100.00,97.77,0.00,213.389
100.00,97.25,0.00,219.545
100.00,97.90,0.00,225.371
100.00,97.64,0.00,231.184
100.00,97.77,0.00,236.697
100.00,97.90,0.00,242.803
100.00,98.17,0.00,248.555,best
100.00,97.90,0.00,254.054
100.00,97.51,0.00,259.693
100.00,97.51,0.00,265.628
100.00,97.64,0.00,270.971
100.00,97.77,0.00,276.688
100.00,97.64,0.00,282.330
100.00,97.90,0.00,288.080
100.00,97.90,0.00,294.017
100.00,98.03,0.00,299.577
100.00,97.77,0.00,305.545
100.00,98.17,0.00,305.545
