################ TRAINING REPORT #################
# Images path   | dataset\fabric\side64\
# Validation    | 0.30
# Height        | 64
# Width         | 64
# Architecure   | 1l_8f_5x5_fc50
# Bacth Size    | 32
# Max epochs    | 500
# Eval Criteria | 0.80
##################################################
train,validation,test,min,time
0.00,0.00,0.00,0.000
8.49,7.60,0.00,6.395,best
27.67,27.52,0.00,12.583,best
38.70,37.88,0.00,18.038,best
58.66,58.45,0.00,23.625,best
68.79,68.28,0.00,29.608,best
74.07,71.82,0.00,35.107,best
77.78,74.05,0.00,40.466,best
80.93,78.64,0.00,46.808,best
83.91,79.03,0.00,52.415,best
85.38,81.65,0.00,58.287,best
88.75,84.67,0.00,63.946,best
91.56,86.11,0.00,69.869,best
94.09,87.68,0.00,75.510,best
95.95,89.25,0.00,80.933,best
96.85,90.56,0.00,86.226,best
97.47,92.79,0.00,91.819,best
98.48,92.40,0.00,97.489
99.27,94.23,0.00,103.300,best
99.44,94.50,0.00,108.532,best
99.49,95.15,0.00,113.904,best
99.83,95.81,0.00,119.654,best
99.89,95.94,0.00,125.624,best
99.94,96.07,0.00,131.505,best
99.89,96.07,0.00,137.135
100.00,96.85,0.00,142.918,best
100.00,96.85,0.00,148.668
100.00,97.38,0.00,154.152,best
100.00,96.85,0.00,159.649
100.00,97.64,0.00,165.741,best
100.00,96.85,0.00,171.211
100.00,97.38,0.00,177.386
100.00,98.30,0.00,183.118,best
100.00,97.38,0.00,188.493
100.00,97.38,0.00,193.867
100.00,96.99,0.00,199.741
100.00,98.43,0.00,205.382,best
100.00,97.90,0.00,210.960
100.00,97.77,0.00,216.603
100.00,97.64,0.00,222.455
100.00,98.03,0.00,228.048
100.00,98.43,0.00,233.532
100.00,98.03,0.00,239.282
100.00,98.03,0.00,244.500
100.00,98.30,0.00,250.178
100.00,98.17,0.00,255.662
100.00,97.77,0.00,261.245
100.00,98.43,0.00,261.245
