################ TRAINING REPORT #################
# Images path   | dataset\fabric\side64\
# Validation    | 0.30
# Height        | 64
# Width         | 64
# Architecure   | 1l_8f_5x5_fc50
# Bacth Size    | 32
# Max epochs    | 500
# Eval Criteria | 0.80
##################################################
train,validation,test,min,time
0.00,0.00,0.00,0.000
0.00,0.00,0.00,6.826
20.87,18.61,0.00,12.402,best
39.37,38.93,0.00,18.059,best
57.20,55.96,0.00,23.887,best
66.99,66.58,0.00,29.623,best
70.30,69.46,0.00,34.862,best
74.35,72.35,0.00,40.299,best
79.64,77.46,0.00,45.798,best
84.53,81.39,0.00,50.970,best
88.98,85.58,0.00,56.924,best
92.41,87.94,0.00,62.643,best
94.88,90.56,0.00,68.091,best
96.63,92.27,0.00,73.652,best
98.03,93.32,0.00,79.243,best
98.82,94.23,0.00,84.808,best
99.49,95.81,0.00,90.568,best
99.61,96.33,0.00,96.281,best
99.83,96.20,0.00,101.968
99.89,96.99,0.00,107.731,best
99.94,97.12,0.00,113.364,best
99.94,97.38,0.00,118.864,best
100.00,97.64,0.00,124.300,best
100.00,97.51,0.00,129.972
100.00,97.90,0.00,135.436,best
100.00,97.90,0.00,141.126
100.00,98.17,0.00,146.922,best
100.00,97.77,0.00,152.277
100.00,98.17,0.00,158.651
100.00,98.17,0.00,164.385
100.00,98.30,0.00,170.373,best
100.00,98.17,0.00,176.237
100.00,98.03,0.00,182.354
100.00,98.17,0.00,187.758
100.00,98.56,0.00,193.477,best
100.00,98.30,0.00,198.856
100.00,98.56,0.00,204.293
100.00,98.56,0.00,209.923
100.00,98.43,0.00,215.727
100.00,98.30,0.00,221.412
100.00,98.69,0.00,227.512,best
100.00,98.69,0.00,233.184
100.00,98.56,0.00,239.042
100.00,98.69,0.00,245.228
100.00,98.69,0.00,250.835
100.00,98.56,0.00,256.546
100.00,98.69,0.00,262.138
100.00,98.56,0.00,267.807
100.00,98.56,0.00,273.418
100.00,98.43,0.00,278.992
100.00,98.43,0.00,284.225
100.00,98.69,0.00,284.225
