################ TRAINING REPORT #################
# Images path   | dataset\fabric\side64\
# Validation    | 0.30
# Height        | 64
# Width         | 64
# Architecure   | 1l_8f_5x5_fc50
# Bacth Size    | 32
# Max epochs    | 500
# Eval Criteria | 0.80
##################################################
train,validation,test,min,time
0.00,0.00,0.00,0.000
0.00,0.00,0.00,6.806
21.15,19.13,0.00,12.494,best
45.61,44.82,0.00,17.990,best
62.99,63.17,0.00,24.005,best
67.72,68.41,0.00,29.446,best
70.75,69.59,0.00,34.701,best
73.90,71.95,0.00,40.398,best
78.12,74.44,0.00,45.559,best
81.27,78.64,0.00,50.907,best
85.04,79.69,0.00,56.335,best
88.30,83.49,0.00,61.868,best
91.56,85.85,0.00,67.435,best
93.98,87.55,0.00,72.754,best
95.84,90.04,0.00,78.691,best
96.63,90.83,0.00,84.108,best
96.51,92.14,0.00,89.655,best
98.59,93.32,0.00,94.952,best
98.76,94.50,0.00,100.562,best
99.16,94.76,0.00,106.060,best
99.49,94.89,0.00,111.566,best
100.00,94.50,0.00,116.774
99.78,95.67,0.00,122.991,best
100.00,96.59,0.00,128.735,best
99.83,95.54,0.00,134.385
100.00,96.07,0.00,140.040
99.94,96.72,0.00,145.459,best
99.89,96.46,0.00,151.280
100.00,96.85,0.00,156.650,best
100.00,96.59,0.00,162.370
100.00,97.38,0.00,167.832,best
100.00,97.25,0.00,173.281
100.00,97.51,0.00,179.094,best
100.00,97.64,0.00,184.632,best
100.00,97.12,0.00,191.103
100.00,97.38,0.00,196.504
100.00,97.64,0.00,202.030
100.00,97.77,0.00,207.716,best
100.00,97.77,0.00,213.214
100.00,97.51,0.00,218.690
100.00,98.03,0.00,224.447,best
100.00,97.90,0.00,230.212
100.00,97.90,0.00,235.828
100.00,98.03,0.00,241.735
100.00,98.17,0.00,247.279,best
100.00,97.51,0.00,252.667
100.00,97.90,0.00,258.061
100.00,97.77,0.00,263.462
100.00,98.17,0.00,269.194
100.00,98.30,0.00,274.839,best
100.00,98.43,0.00,280.731,best
100.00,98.03,0.00,286.075
100.00,98.17,0.00,291.544
100.00,97.77,0.00,297.343
100.00,98.30,0.00,302.854
100.00,98.03,0.00,308.603
100.00,98.17,0.00,313.850
100.00,98.03,0.00,319.294
100.00,97.90,0.00,324.956
100.00,98.43,0.00,330.798
100.00,98.30,0.00,336.625
100.00,98.43,0.00,336.625
