################ TRAINING REPORT #################
# Images path   | dataset\fabric\side64\
# Validation    | 0.30
# Height        | 64
# Width         | 64
# Architecure   | 1l_8f_5x5_fc50
# Bacth Size    | 32
# Max epochs    | 500
# Eval Criteria | 0.80
##################################################
train,validation,test,min,time
0.00,0.00,0.00,0.000
0.00,0.00,0.00,6.746
16.70,15.86,0.00,12.443,best
39.20,39.32,0.00,18.256,best
58.44,59.37,0.00,23.553,best
68.17,67.63,0.00,28.989,best
71.20,69.59,0.00,34.455,best
75.42,72.87,0.00,40.423,best
79.87,74.31,0.00,45.720,best
84.25,79.69,0.00,51.467,best
88.30,82.70,0.00,57.247,best
91.51,84.93,0.00,62.817,best
94.15,88.34,0.00,68.036,best
95.33,89.78,0.00,74.004,best
97.02,90.56,0.00,80.128,best
98.31,91.87,0.00,85.859,best
98.37,92.27,0.00,91.313,best
99.38,93.97,0.00,96.748,best
99.10,93.45,0.00,102.608
99.94,94.63,0.00,107.965,best
100.00,95.15,0.00,114.048,best
99.78,94.63,0.00,119.454
100.00,95.41,0.00,125.344,best
100.00,95.67,0.00,130.969,best
100.00,96.20,0.00,136.413,best
99.94,95.67,0.00,142.225
100.00,96.99,0.00,147.946,best
100.00,97.12,0.00,153.492,best
100.00,97.25,0.00,159.384,best
100.00,96.72,0.00,165.353
100.00,97.25,0.00,171.529
100.00,97.38,0.00,176.996,best
100.00,97.51,0.00,182.545,best
100.00,96.85,0.00,188.498
100.00,97.38,0.00,194.282
100.00,96.99,0.00,199.578
100.00,96.72,0.00,204.842
100.00,97.77,0.00,210.294,best
100.00,97.38,0.00,215.942
100.00,97.12,0.00,221.716
100.00,97.77,0.00,227.512
100.00,97.64,0.00,233.260
100.00,97.64,0.00,239.462
100.00,97.25,0.00,245.413
100.00,98.03,0.00,250.693,best
100.00,97.12,0.00,256.431
100.00,97.25,0.00,262.336
100.00,97.77,0.00,267.818
100.00,97.38,0.00,273.505
100.00,97.64,0.00,279.565
100.00,97.90,0.00,285.424
100.00,98.17,0.00,291.016,best
100.00,97.77,0.00,296.500
100.00,97.38,0.00,302.078
100.00,98.30,0.00,307.880,best
100.00,97.64,0.00,313.450
100.00,98.03,0.00,318.857
100.00,98.03,0.00,324.855
100.00,97.64,0.00,330.948
100.00,97.77,0.00,336.274
100.00,98.17,0.00,341.996
100.00,98.30,0.00,347.919
100.00,97.64,0.00,353.896
100.00,97.90,0.00,359.515
100.00,98.30,0.00,365.216
100.00,98.30,0.00,365.216
