################ TRAINING REPORT #################
# Images path   | dataset\fabric\side64\
# Validation    | 0.30
# Height        | 64
# Width         | 64
# Architecure   | 1l_8f_5x5_fc50
# Bacth Size    | 32
# Max epochs    | 500
# Eval Criteria | 0.80
##################################################
train,validation,test,min,time
0.00,0.00,0.00,0.000
0.00,0.00,0.00,6.774
21.15,19.79,0.00,12.494,best
35.60,35.39,0.00,18.760,best
57.82,56.23,0.00,24.088,best
66.09,66.19,0.00,29.705,best
70.87,68.94,0.00,35.202,best
75.42,72.61,0.00,41.484,best
79.81,77.20,0.00,47.032,best
84.14,81.52,0.00,52.478,best
88.75,84.80,0.00,58.132,best
92.01,87.81,0.00,64.053,best
94.15,89.91,0.00,69.477,best
96.06,91.48,0.00,74.756,best
97.19,92.27,0.00,80.241,best
98.37,93.97,0.00,85.646,best
98.65,94.63,0.00,91.467,best
99.44,95.81,0.00,97.139,best
99.49,96.20,0.00,102.653,best
99.66,96.20,0.00,108.372
99.72,96.85,0.00,114.367,best
99.94,96.99,0.00,119.760,best
99.89,97.12,0.00,125.025,best
99.94,96.99,0.00,130.886
99.94,97.25,0.00,136.759,best
100.00,97.12,0.00,142.382
99.94,97.51,0.00,147.778,best
100.00,97.64,0.00,153.778,best
100.00,97.25,0.00,159.622
100.00,97.64,0.00,165.106
100.00,97.51,0.00,170.759
100.00,97.51,0.00,176.132
100.00,97.64,0.00,181.928
100.00,97.90,0.00,187.753,best
100.00,98.03,0.00,192.973,best
100.00,97.90,0.00,198.835
100.00,98.03,0.00,204.864
100.00,97.90,0.00,210.940
100.00,98.03,0.00,216.345
100.00,98.03,0.00,221.967
100.00,97.90,0.00,227.662
100.00,98.17,0.00,233.669,best
100.00,98.03,0.00,239.150
100.00,98.17,0.00,245.024
100.00,97.90,0.00,250.900
100.00,98.03,0.00,256.601
100.00,98.17,0.00,262.268
100.00,98.03,0.00,268.609
100.00,98.17,0.00,274.826
100.00,98.17,0.00,280.607
100.00,98.30,0.00,286.264,best
100.00,98.17,0.00,291.687
100.00,98.17,0.00,298.418
100.00,98.43,0.00,304.451,best
100.00,98.30,0.00,310.249
100.00,98.17,0.00,316.166
100.00,98.03,0.00,322.008
100.00,98.17,0.00,327.576
100.00,98.03,0.00,332.993
100.00,98.30,0.00,338.715
100.00,98.03,0.00,344.542
100.00,98.17,0.00,350.091
100.00,98.17,0.00,355.508
100.00,98.43,0.00,361.284
100.00,98.43,0.00,361.284
