################ TRAINING REPORT #################
# Images path   | dataset\fabric\side64\
# Validation    | 0.30
# Height        | 64
# Width         | 64
# Architecure   | 1l_8f_5x5_fc50
# Bacth Size    | 32
# Max epochs    | 500
# Eval Criteria | 0.80
##################################################
train,validation,test,min,time
0.00,0.00,0.00,0.000
2.47,1.83,0.00,4.996,best
26.10,25.69,0.00,8.580,best
51.07,51.77,0.00,12.509,best
66.14,66.19,0.00,16.511,best
70.70,70.77,0.00,20.156,best
73.34,72.08,0.00,23.694,best
77.95,75.10,0.00,27.292,best
83.41,79.16,0.00,30.769,best
87.85,82.83,0.00,34.554,best
91.23,86.11,0.00,38.581,best
94.43,88.07,0.00,42.280,best
96.29,89.65,0.00,46.213,best
96.79,90.96,0.00,49.703,best
98.59,92.92,0.00,53.163,best
98.76,93.97,0.00,56.939,best
99.10,95.41,0.00,60.622,best
99.89,95.28,0.00,65.014
99.83,95.15,0.00,68.979
99.83,95.94,0.00,72.578,best
100.00,96.20,0.00,76.236,best
99.94,96.59,0.00,80.100,best
99.94,97.51,0.00,83.563,best
100.00,96.46,0.00,87.696
99.94,97.51,0.00,91.686
100.00,98.03,0.00,95.294,best
100.00,98.30,0.00,99.227,best
100.00,98.03,0.00,103.791
100.00,97.77,0.00,107.571
100.00,98.17,0.00,111.279
100.00,97.90,0.00,114.857
100.00,98.17,0.00,118.562
100.00,98.82,0.00,122.211,best
100.00,98.17,0.00,126.245
100.00,98.30,0.00,129.885
100.00,98.56,0.00,133.601
100.00,98.69,0.00,137.191
100.00,97.90,0.00,140.783
100.00,99.21,0.00,144.540,best
100.00,98.82,0.00,148.537
100.00,98.30,0.00,152.353
100.00,98.69,0.00,156.042
100.00,98.30,0.00,159.947
100.00,98.82,0.00,163.749
100.00,98.69,0.00,167.482
100.00,99.21,0.00,170.885
100.00,99.08,0.00,174.293
100.00,98.17,0.00,177.868
100.00,98.95,0.00,181.569
100.00,99.21,0.00,181.569
