################ TRAINING REPORT #################
# Images path   | dataset\fabric\side64\
# Validation    | 0.30
# Height        | 64
# Width         | 64
# Architecure   | 1l_8f_5x5_fc50
# Bacth Size    | 32
# Max epochs    | 500
# Eval Criteria | 0.80
##################################################
train,validation,test,min,time
0.00,0.00,0.00,0.000
9.90,10.48,0.00,6.687,best
25.31,25.29,0.00,12.777,best
36.22,36.70,0.00,18.215,best
56.81,57.80,0.00,23.638,best
67.77,66.97,0.00,29.028,best
70.70,70.51,0.00,34.756,best
74.41,73.13,0.00,40.210,best
79.92,76.54,0.00,45.661,best
83.18,79.03,0.00,51.239,best
87.18,81.52,0.00,57.300,best
90.55,83.75,0.00,62.867,best
93.14,86.63,0.00,68.553,best
95.22,88.60,0.00,74.569,best
96.29,90.43,0.00,80.288,best
97.30,90.96,0.00,85.879,best
98.43,92.27,0.00,91.640,best
98.43,92.53,0.00,97.246,best
99.16,94.10,0.00,102.879,best
99.38,94.23,0.00,108.352,best
99.66,94.76,0.00,113.787,best
99.66,95.15,0.00,119.104,best
99.83,95.02,0.00,124.821
99.94,95.94,0.00,130.662,best
99.94,96.20,0.00,136.160,best
100.00,96.20,0.00,141.748
100.00,95.94,0.00,147.629
100.00,96.85,0.00,153.716,best
99.94,96.59,0.00,159.197
100.00,97.25,0.00,164.961,best
100.00,97.25,0.00,170.802
100.00,96.72,0.00,176.675
99.94,96.85,0.00,182.706
100.00,97.51,0.00,188.205,best
100.00,97.38,0.00,193.939
100.00,97.38,0.00,199.720
100.00,97.64,0.00,205.123,best
100.00,97.64,0.00,210.734
100.00,97.25,0.00,216.733
100.00,97.12,0.00,222.419
100.00,97.90,0.00,228.167,best
100.00,97.38,0.00,234.023
100.00,97.90,0.00,239.821
100.00,97.64,0.00,245.571
100.00,98.17,0.00,251.565,best
100.00,97.64,0.00,256.894
100.00,98.03,0.00,262.817
100.00,97.77,0.00,268.565
100.00,97.77,0.00,274.265
100.00,97.77,0.00,279.797
100.00,97.77,0.00,285.842
100.00,98.03,0.00,291.186
100.00,98.56,0.00,296.647,best
100.00,98.30,0.00,302.271
100.00,98.17,0.00,308.262
100.00,97.90,0.00,313.869
100.00,97.90,0.00,319.590
100.00,98.43,0.00,325.247
100.00,98.56,0.00,330.981
100.00,98.17,0.00,336.477
100.00,98.03,0.00,342.287
100.00,98.56,0.00,347.814
100.00,98.03,0.00,353.656
100.00,98.56,0.00,353.656
