################ TRAINING REPORT #################
# Images path   | dataset\fabric\side64\
# Validation    | 0.30
# Height        | 64
# Width         | 64
# Architecure   | 1l_8f_5x5_fc50
# Bacth Size    | 32
# Max epochs    | 500
# Eval Criteria | 0.80
##################################################
train,validation,test,min,time
0.00,0.00,0.00,0.000
0.39,0.13,0.00,6.431,best
18.45,17.30,0.00,12.086,best
39.43,39.58,0.00,17.481,best
49.44,49.54,0.00,23.356,best
64.17,62.25,0.00,28.810,best
70.42,67.50,0.00,34.714,best
75.82,71.17,0.00,39.916,best
80.65,76.02,0.00,45.352,best
85.55,80.73,0.00,50.806,best
89.26,84.67,0.00,56.432,best
92.13,86.24,0.00,62.306,best
94.60,89.25,0.00,67.846,best
96.01,90.43,0.00,73.164,best
96.63,92.01,0.00,79.022,best
97.86,92.66,0.00,84.286,best
98.88,93.84,0.00,89.691,best
99.16,95.15,0.00,94.941,best
99.49,95.41,0.00,100.593,best
99.78,95.02,0.00,106.047
99.72,95.94,0.00,112.077,best
99.83,96.85,0.00,117.499,best
100.00,96.46,0.00,122.904
100.00,97.51,0.00,128.621,best
100.00,97.77,0.00,133.973,best
100.00,98.17,0.00,139.192,best
100.00,97.77,0.00,144.681
100.00,96.99,0.00,150.275
100.00,98.43,0.00,155.465,best
100.00,98.56,0.00,161.024,best
100.00,98.82,0.00,166.769,best
100.00,98.56,0.00,172.144
100.00,98.69,0.00,178.251
100.00,98.56,0.00,183.526
100.00,99.08,0.00,189.459,best
100.00,98.82,0.00,195.022
100.00,98.56,0.00,201.100
100.00,98.17,0.00,207.081
100.00,98.43,0.00,212.916
100.00,98.69,0.00,218.227
100.00,98.43,0.00,223.788
100.00,98.82,0.00,229.488
100.00,98.56,0.00,235.301
100.00,98.95,0.00,241.003
100.00,99.21,0.00,246.767,best
100.00,98.95,0.00,252.969
100.00,98.69,0.00,258.531
100.00,98.82,0.00,263.826
100.00,98.69,0.00,269.590
100.00,98.69,0.00,274.838
100.00,98.43,0.00,280.570
100.00,99.08,0.00,285.989
100.00,98.95,0.00,291.159
100.00,98.95,0.00,296.864
100.00,98.69,0.00,302.878
100.00,99.21,0.00,302.878
