################ TRAINING REPORT #################
# Images path   | dataset\fabric\side64\
# Validation    | 0.30
# Height        | 64
# Width         | 64
# Architecure   | 1l_8f_5x5_fc50
# Bacth Size    | 32
# Max epochs    | 500
# Eval Criteria | 0.80
##################################################
train,validation,test,min,time
0.00,0.00,0.00,0.000
0.00,0.00,0.00,6.457
26.60,26.74,0.00,11.622,best
35.55,33.94,0.00,17.977,best
57.93,57.40,0.00,23.899,best
67.44,67.89,0.00,29.757,best
70.87,70.51,0.00,35.039,best
73.62,73.26,0.00,41.040,best
77.00,76.54,0.00,46.759,best
81.38,79.03,0.00,52.166,best
84.31,82.31,0.00,57.634,best
88.02,85.32,0.00,63.185,best
90.10,86.63,0.00,68.853,best
92.58,88.47,0.00,74.681,best
93.64,89.91,0.00,79.832,best
96.29,91.74,0.00,85.225,best
97.13,92.40,0.00,90.522,best
97.86,92.66,0.00,96.002,best
98.31,93.71,0.00,101.693,best
99.10,94.76,0.00,107.099,best
99.55,94.89,0.00,112.720,best
99.61,95.15,0.00,118.188,best
99.83,95.15,0.00,123.835
99.66,95.81,0.00,129.477,best
99.94,96.20,0.00,135.462,best
99.89,96.46,0.00,141.009,best
99.94,96.59,0.00,146.450,best
100.00,96.59,0.00,151.874
100.00,96.99,0.00,157.545,best
100.00,97.25,0.00,162.982,best
100.00,96.85,0.00,168.752
100.00,97.25,0.00,174.485
100.00,97.25,0.00,180.230
100.00,97.64,0.00,185.666,best
100.00,97.51,0.00,191.446
100.00,96.85,0.00,197.351
100.00,97.51,0.00,202.802
100.00,97.25,0.00,208.287
100.00,97.77,0.00,213.831,best
100.00,97.64,0.00,219.020
100.00,97.51,0.00,224.629
100.00,97.64,0.00,230.551
100.00,97.38,0.00,236.801
100.00,97.64,0.00,242.141
100.00,97.51,0.00,247.940
100.00,97.51,0.00,254.081
100.00,97.51,0.00,260.345
100.00,97.90,0.00,265.890,best
100.00,97.51,0.00,271.282
100.00,97.25,0.00,277.048
100.00,97.64,0.00,283.032
100.00,97.90,0.00,288.921
100.00,97.64,0.00,294.402
100.00,98.03,0.00,300.042,best
100.00,98.03,0.00,306.012
100.00,97.77,0.00,311.648
100.00,98.17,0.00,317.711,best
100.00,97.77,0.00,322.913
100.00,97.77,0.00,328.366
100.00,97.51,0.00,333.957
100.00,97.64,0.00,339.813
100.00,98.03,0.00,345.507
100.00,97.38,0.00,351.472
100.00,98.17,0.00,356.741
100.00,98.03,0.00,362.304
100.00,98.30,0.00,367.916,best
100.00,97.77,0.00,373.399
100.00,98.17,0.00,378.818
100.00,97.77,0.00,384.614
100.00,98.17,0.00,390.612
100.00,97.77,0.00,396.399
100.00,98.43,0.00,401.839,best
100.00,97.77,0.00,407.399
100.00,98.30,0.00,412.680
100.00,98.17,0.00,418.458
100.00,97.51,0.00,423.863
100.00,97.64,0.00,429.470
100.00,97.51,0.00,435.140
100.00,98.30,0.00,440.888
100.00,97.90,0.00,446.448
100.00,97.77,0.00,452.150
100.00,98.17,0.00,457.736
100.00,98.43,0.00,457.736
