################ TRAINING REPORT #################
# Images path   | dataset\fabric\side64\
# Validation    | 0.30
# Height        | 64
# Width         | 64
# Architecure   | 1l_8f_5x5_fc50
# Bacth Size    | 32
# Max epochs    | 500
# Eval Criteria | 0.80
##################################################
train,validation,test,min,time
0.00,0.00,0.00,0.000
0.00,0.00,0.00,7.152
23.12,22.67,0.00,13.449,best
39.65,37.09,0.00,19.169,best
57.82,56.75,0.00,25.106,best
67.60,67.23,0.00,30.544,best
71.93,70.25,0.00,35.542,best
76.04,74.97,0.00,41.162,best
80.15,79.42,0.00,47.331,best
84.31,82.44,0.00,53.177,best
87.57,84.01,0.00,58.422,best
90.55,85.58,0.00,64.172,best
92.74,87.81,0.00,70.129,best
94.71,89.12,0.00,75.968,best
96.63,90.17,0.00,81.259,best
97.19,91.22,0.00,87.135,best
98.26,92.53,0.00,93.338,best
99.04,93.05,0.00,98.948,best
99.44,94.76,0.00,104.474,best
99.72,94.89,0.00,110.192,best
99.72,94.89,0.00,116.349
99.94,95.54,0.00,122.707,best
99.94,95.41,0.00,128.630
100.00,96.20,0.00,134.732,best
100.00,95.94,0.00,140.487
100.00,96.59,0.00,146.487,best
100.00,96.99,0.00,152.155,best
100.00,96.99,0.00,158.052
100.00,96.72,0.00,163.694
100.00,96.72,0.00,169.457
100.00,97.51,0.00,174.877,best
100.00,97.38,0.00,180.690
100.00,97.51,0.00,186.310
100.00,97.90,0.00,191.706,best
100.00,97.77,0.00,197.002
100.00,97.25,0.00,202.595
100.00,97.25,0.00,208.186
100.00,97.77,0.00,214.200
100.00,97.90,0.00,219.511
100.00,97.64,0.00,225.072
100.00,97.77,0.00,230.884
100.00,97.12,0.00,237.400
100.00,97.64,0.00,243.045
100.00,97.64,0.00,249.076
100.00,97.90,0.00,249.076
