################ TRAINING REPORT #################
# Images path   | dataset\fabric\side64\
# Validation    | 0.30
# Height        | 64
# Width         | 64
# Architecure   | 1l_8f_5x5_fc50
# Bacth Size    | 32
# Max epochs    | 500
# Eval Criteria | 0.80
##################################################
train,validation,test,min,time
0.00,0.00,0.00,0.000
7.03,6.03,0.00,7.234,best
28.23,28.05,0.00,12.913,best
52.53,52.95,0.00,18.907,best
64.96,65.66,0.00,24.488,best
69.35,69.20,0.00,30.204,best
72.72,71.43,0.00,35.626,best
75.93,74.05,0.00,40.971,best
81.50,77.33,0.00,46.620,best
85.21,80.73,0.00,52.213,best
89.65,84.14,0.00,57.711,best
92.63,86.24,0.00,63.367,best
94.60,88.99,0.00,69.071,best
95.95,91.22,0.00,74.787,best
97.41,92.66,0.00,80.115,best
98.03,93.05,0.00,85.710,best
99.04,94.76,0.00,91.651,best
99.38,95.54,0.00,97.958,best
99.61,95.94,0.00,103.989,best
99.78,96.59,0.00,109.726,best
99.89,96.20,0.00,115.303
99.83,97.38,0.00,121.587,best
100.00,97.90,0.00,127.166,best
100.00,97.51,0.00,133.088
100.00,97.38,0.00,139.682
100.00,98.03,0.00,145.555,best
100.00,98.03,0.00,151.117
100.00,98.30,0.00,157.458,best
100.00,98.03,0.00,163.253
100.00,98.43,0.00,169.231,best
100.00,98.43,0.00,174.388
100.00,98.82,0.00,180.230,best
100.00,98.56,0.00,186.027
100.00,98.43,0.00,192.289
100.00,98.69,0.00,198.348
100.00,98.30,0.00,204.303
100.00,98.03,0.00,210.490
100.00,98.43,0.00,216.279
100.00,98.82,0.00,221.982
100.00,98.82,0.00,227.976
100.00,98.82,0.00,233.781
100.00,98.82,0.00,239.634
100.00,98.82,0.00,239.634
