################ TRAINING REPORT #################
# Images path   | dataset\fabric\side64\
# Validation    | 0.30
# Height        | 64
# Width         | 64
# Architecure   | 1l_8f_5x5_fc50
# Bacth Size    | 32
# Max epochs    | 500
# Eval Criteria | 0.80
##################################################
train,validation,test,min,time
0.00,0.00,0.00,0.000
14.17,14.29,0.00,6.855,best
26.66,26.61,0.00,12.558,best
36.22,37.75,0.00,18.005,best
62.54,62.12,0.00,24.134,best
69.46,69.07,0.00,29.462,best
73.85,72.08,0.00,35.290,best
75.82,73.13,0.00,40.956,best
79.36,76.93,0.00,46.766,best
82.17,80.87,0.00,52.405,best
86.00,82.57,0.00,58.633,best
88.81,84.53,0.00,64.272,best
91.28,87.16,0.00,69.662,best
94.15,88.34,0.00,75.254,best
95.73,90.96,0.00,81.038,best
96.96,92.27,0.00,86.631,best
97.64,93.84,0.00,92.709,best
98.43,94.89,0.00,98.037,best
98.71,94.89,0.00,103.808
99.44,95.02,0.00,109.290,best
99.72,95.67,0.00,114.827,best
99.78,96.07,0.00,120.404,best
99.78,96.59,0.00,125.997,best
99.94,96.46,0.00,132.212
99.94,96.59,0.00,137.624
99.89,97.25,0.00,143.421,best
99.94,97.77,0.00,148.794,best
100.00,97.77,0.00,154.488
100.00,98.17,0.00,160.393,best
100.00,97.77,0.00,165.862
100.00,97.77,0.00,172.188
100.00,97.38,0.00,177.505
100.00,98.03,0.00,183.002
100.00,97.77,0.00,188.428
100.00,97.90,0.00,194.141
100.00,98.17,0.00,199.750
100.00,98.56,0.00,205.763,best
100.00,98.03,0.00,211.171
100.00,97.90,0.00,217.010
100.00,98.17,0.00,222.433
100.00,98.30,0.00,227.978
100.00,98.30,0.00,233.560
100.00,98.17,0.00,239.251
100.00,98.17,0.00,245.060
100.00,98.56,0.00,250.717
100.00,98.43,0.00,256.550
100.00,98.17,0.00,262.157
100.00,98.56,0.00,262.157
