################ TRAINING REPORT #################
# Images path   | dataset\fabric\side64\
# Validation    | 0.30
# Height        | 64
# Width         | 64
# Architecure   | 1l_8f_5x5_fc50
# Bacth Size    | 32
# Max epochs    | 500
# Eval Criteria | 0.80
##################################################
train,validation,test,min,time
0.00,0.00,0.00,0.000
0.90,0.66,0.00,6.635,best
26.88,25.95,0.00,12.416,best
43.53,42.33,0.00,18.057,best
55.96,54.39,0.00,23.821,best
64.23,64.22,0.00,29.164,best
67.66,66.71,0.00,34.993,best
71.15,69.59,0.00,40.881,best
74.07,73.13,0.00,46.659,best
77.95,77.06,0.00,51.890,best
82.90,79.95,0.00,57.788,best
87.23,82.96,0.00,63.254,best
90.38,86.37,0.00,68.955,best
93.31,88.73,0.00,74.596,best
94.21,89.65,0.00,80.377,best
96.74,91.48,0.00,85.856,best
97.81,93.32,0.00,91.089,best
98.59,93.84,0.00,96.603,best
98.76,94.89,0.00,102.284,best
99.16,95.67,0.00,107.831,best
99.44,96.33,0.00,113.283,best
99.72,96.33,0.00,119.175
99.94,96.59,0.00,125.234,best
99.78,96.99,0.00,130.869,best
99.94,97.12,0.00,136.429,best
100.00,97.51,0.00,142.060,best
100.00,97.25,0.00,147.544
100.00,97.77,0.00,152.979,best
100.00,97.77,0.00,158.416
100.00,98.03,0.00,163.964,best
100.00,98.17,0.00,169.648,best
100.00,97.90,0.00,175.053
100.00,98.03,0.00,180.583
100.00,98.43,0.00,186.441,best
100.00,98.43,0.00,192.190
100.00,98.56,0.00,197.876,best
100.00,98.56,0.00,203.519
100.00,98.56,0.00,208.865
100.00,98.69,0.00,214.725,best
100.00,98.69,0.00,219.979
100.00,98.43,0.00,225.175
100.00,98.43,0.00,230.612
100.00,98.56,0.00,236.348
100.00,98.82,0.00,241.768,best
100.00,98.56,0.00,247.110
100.00,98.82,0.00,252.732
100.00,98.43,0.00,258.324
100.00,98.43,0.00,263.949
100.00,98.69,0.00,269.728
100.00,98.95,0.00,275.462,best
100.00,98.69,0.00,280.762
100.00,98.17,0.00,286.724
100.00,98.95,0.00,292.331
100.00,98.82,0.00,297.876
100.00,98.95,0.00,303.687
100.00,98.82,0.00,308.859
100.00,99.21,0.00,314.373,best
100.00,99.21,0.00,319.780
100.00,99.08,0.00,325.718
100.00,99.21,0.00,331.387
100.00,98.82,0.00,337.162
100.00,99.21,0.00,342.946
100.00,99.08,0.00,348.377
100.00,98.95,0.00,353.563
100.00,99.21,0.00,359.076
100.00,99.08,0.00,364.419
100.00,98.82,0.00,370.170
100.00,99.21,0.00,370.170
