################ TRAINING REPORT #################
# Images path   | dataset\fabric\side64\
# Validation    | 0.30
# Height        | 64
# Width         | 64
# Architecure   | 1l_8f_5x5_fc50
# Bacth Size    | 32
# Max epochs    | 500
# Eval Criteria | 0.80
##################################################
train,validation,test,min,time
0.00,0.00,0.00,0.000
14.06,14.15,0.00,6.990,best
21.71,20.31,0.00,12.235,best
36.50,36.04,0.00,17.876,best
62.15,60.42,0.00,23.655,best
68.95,68.41,0.00,29.417,best
72.61,71.04,0.00,34.856,best
73.17,71.82,0.00,40.276,best
75.48,73.00,0.00,45.995,best
75.98,74.31,0.00,51.589,best
79.47,76.54,0.00,58.150,best
83.35,79.82,0.00,64.464,best
86.84,82.70,0.00,69.788,best
89.03,84.80,0.00,75.319,best
90.38,86.63,0.00,81.405,best
93.64,88.99,0.00,86.718,best
95.84,90.69,0.00,92.197,best
96.57,91.87,0.00,97.727,best
97.30,92.40,0.00,103.132,best
99.16,93.84,0.00,108.914,best
99.16,94.63,0.00,114.492,best
99.27,94.89,0.00,120.178,best
99.78,95.54,0.00,126.257,best
99.94,96.20,0.00,132.242,best
100.00,96.33,0.00,137.855,best
99.55,95.15,0.00,143.392
100.00,96.59,0.00,148.767,best
100.00,96.99,0.00,154.282,best
100.00,97.38,0.00,159.546,best
100.00,96.85,0.00,164.997
100.00,96.46,0.00,170.590
100.00,97.25,0.00,176.229
100.00,97.12,0.00,182.148
100.00,96.85,0.00,187.413
100.00,96.59,0.00,193.895
100.00,97.38,0.00,199.674
100.00,97.25,0.00,205.644
100.00,98.03,0.00,211.070,best
100.00,96.46,0.00,217.134
100.00,98.17,0.00,222.823,best
100.00,97.77,0.00,228.244
100.00,97.90,0.00,234.155
100.00,98.30,0.00,239.614,best
100.00,97.25,0.00,244.939
100.00,97.25,0.00,250.750
100.00,96.99,0.00,256.342
100.00,96.46,0.00,261.606
100.00,98.17,0.00,267.496
100.00,97.64,0.00,273.024
100.00,97.90,0.00,278.601
100.00,98.30,0.00,284.270
100.00,97.77,0.00,289.799
100.00,98.30,0.00,295.204
100.00,98.30,0.00,295.204
