################ TRAINING REPORT #################
# Images path   | dataset\fabric\side64\
# Validation    | 0.30
# Height        | 64
# Width         | 64
# Architecure   | 1l_8f_5x5_fc50
# Bacth Size    | 32
# Max epochs    | 500
# Eval Criteria | 0.80
##################################################
train,validation,test,min,time
0.00,0.00,0.00,0.000
8.83,7.86,0.00,7.183,best
17.04,16.51,0.00,12.766,best
48.71,46.53,0.00,18.666,best
64.29,65.27,0.00,24.227,best
69.29,69.46,0.00,29.801,best
70.19,69.46,0.00,35.270
72.50,72.48,0.00,41.215,best
77.45,75.88,0.00,47.370,best
83.41,81.26,0.00,53.134,best
86.73,83.75,0.00,58.414,best
90.94,88.86,0.00,63.881,best
93.31,90.04,0.00,69.417,best
95.73,92.27,0.00,74.620,best
97.08,93.97,0.00,80.294,best
97.24,93.45,0.00,86.514
98.48,95.02,0.00,92.030,best
99.27,95.41,0.00,97.621,best
99.21,96.07,0.00,103.130,best
99.49,96.46,0.00,108.645,best
99.78,96.85,0.00,114.848,best
99.72,96.72,0.00,120.089
99.83,97.12,0.00,125.886,best
100.00,97.64,0.00,131.573,best
100.00,97.90,0.00,137.417,best
100.00,97.64,0.00,142.777
100.00,97.90,0.00,148.354
100.00,97.90,0.00,154.370
100.00,98.17,0.00,160.491,best
100.00,98.03,0.00,166.164
100.00,98.95,0.00,171.584,best
100.00,98.56,0.00,177.474
100.00,98.43,0.00,183.708
100.00,98.69,0.00,189.372
100.00,98.69,0.00,194.720
100.00,98.95,0.00,200.502
100.00,99.48,0.00,206.550,best
100.00,99.08,0.00,212.126
100.00,98.82,0.00,217.593
100.00,98.69,0.00,223.390
100.00,97.77,0.00,229.279
100.00,99.08,0.00,234.975
100.00,98.95,0.00,240.611
100.00,98.69,0.00,246.472
100.00,98.17,0.00,251.846
100.00,98.30,0.00,257.714
100.00,98.56,0.00,263.300
100.00,99.48,0.00,263.300
