################ TRAINING REPORT #################
# Images path   | dataset\fabric\side64\
# Validation    | 0.30
# Height        | 64
# Width         | 64
# Architecure   | 1l_8f_5x5_fc50
# Bacth Size    | 32
# Max epochs    | 500
# Eval Criteria | 0.80
##################################################
train,validation,test,min,time
0.00,0.00,0.00,0.000
0.00,0.00,0.00,6.953
25.87,25.69,0.00,12.451,best
35.26,36.17,0.00,18.148,best
41.56,40.89,0.00,23.859,best
57.31,56.09,0.00,29.539,best
67.15,66.32,0.00,35.241,best
73.40,71.69,0.00,40.694,best
78.01,76.93,0.00,47.038,best
82.51,80.60,0.00,52.460,best
85.88,83.49,0.00,57.951,best
88.53,85.19,0.00,63.527,best
91.56,87.94,0.00,68.886,best
93.42,89.12,0.00,74.713,best
94.04,90.96,0.00,80.415,best
95.22,90.56,0.00,86.014
96.51,92.14,0.00,92.190,best
96.85,92.53,0.00,97.733,best
97.13,93.58,0.00,103.373,best
97.98,94.36,0.00,109.014,best
98.93,94.50,0.00,115.028,best
98.59,95.54,0.00,120.354,best
99.10,95.67,0.00,125.838,best
99.27,95.81,0.00,131.554,best
99.66,95.94,0.00,137.386,best
99.83,95.94,0.00,142.931
99.78,96.07,0.00,148.553,best
99.66,95.67,0.00,154.225
99.94,96.46,0.00,160.410,best
99.94,96.33,0.00,165.941
100.00,96.20,0.00,171.502
99.89,96.72,0.00,177.296,best
100.00,96.59,0.00,182.855
100.00,96.99,0.00,188.494,best
99.94,96.72,0.00,194.150
100.00,96.85,0.00,200.119
100.00,96.72,0.00,206.306
100.00,96.85,0.00,211.960
100.00,96.99,0.00,217.598
100.00,96.46,0.00,223.317
100.00,96.72,0.00,229.094
100.00,97.38,0.00,234.436,best
100.00,96.99,0.00,240.045
100.00,97.38,0.00,245.858
100.00,96.72,0.00,252.029
100.00,97.38,0.00,257.747
100.00,96.99,0.00,263.793
100.00,97.38,0.00,269.713
100.00,97.51,0.00,275.885,best
100.00,97.51,0.00,281.809
100.00,97.25,0.00,287.590
100.00,97.25,0.00,293.603
100.00,97.64,0.00,299.335,best
100.00,97.51,0.00,304.977
100.00,97.25,0.00,310.569
100.00,97.25,0.00,316.255
100.00,97.25,0.00,321.987
100.00,97.38,0.00,327.860
100.00,97.90,0.00,333.804,best
100.00,97.51,0.00,339.570
100.00,97.38,0.00,345.051
100.00,97.38,0.00,350.680
100.00,97.38,0.00,356.337
100.00,97.38,0.00,362.085
100.00,97.51,0.00,368.224
100.00,97.12,0.00,373.568
100.00,97.51,0.00,379.333
100.00,97.51,0.00,385.283
100.00,97.51,0.00,390.921
100.00,97.90,0.00,390.921
