################ TRAINING REPORT #################
# Images path   | dataset\fabric\side64\
# Validation    | 0.30
# Height        | 64
# Width         | 64
# Architecure   | 1l_8f_5x5_fc50
# Bacth Size    | 32
# Max epochs    | 500
# Eval Criteria | 0.80
##################################################
train,validation,test,min,time
0.00,0.00,0.00,0.000
11.53,12.06,0.00,6.716,best
19.80,19.00,0.00,12.326,best
38.36,36.96,0.00,18.029,best
61.98,61.99,0.00,23.713,best
68.28,66.97,0.00,29.229,best
71.32,69.20,0.00,35.429,best
75.93,71.82,0.00,40.971,best
80.20,75.88,0.00,47.126,best
83.24,78.51,0.00,52.783,best
87.06,82.04,0.00,58.718,best
89.54,84.53,0.00,64.092,best
92.35,87.42,0.00,69.998,best
94.09,88.73,0.00,75.764,best
95.89,90.56,0.00,81.857,best
97.08,91.74,0.00,87.642,best
97.92,92.40,0.00,93.283,best
98.48,93.71,0.00,98.937,best
98.65,93.71,0.00,104.664
98.54,94.10,0.00,110.069,best
99.27,95.15,0.00,115.897,best
99.83,95.15,0.00,121.218
99.89,96.33,0.00,126.887,best
99.83,95.81,0.00,132.370
99.94,96.72,0.00,138.070,best
99.89,96.72,0.00,143.461
100.00,95.81,0.00,149.320
100.00,96.72,0.00,154.852
100.00,96.33,0.00,160.900
100.00,96.59,0.00,166.429
100.00,97.38,0.00,172.730,best
100.00,97.12,0.00,178.339
99.83,96.33,0.00,183.902
100.00,97.51,0.00,189.707,best
100.00,97.12,0.00,195.686
100.00,96.85,0.00,201.514
100.00,98.30,0.00,207.323,best
100.00,98.03,0.00,212.822
100.00,98.17,0.00,218.549
100.00,97.25,0.00,224.016
100.00,98.30,0.00,229.998
100.00,98.17,0.00,235.638
100.00,98.56,0.00,241.761,best
100.00,97.90,0.00,247.069
100.00,98.03,0.00,252.932
100.00,98.03,0.00,258.372
100.00,98.43,0.00,264.310
100.00,98.43,0.00,269.925
100.00,98.30,0.00,275.860
100.00,98.43,0.00,281.452
100.00,98.69,0.00,287.044,best
100.00,97.90,0.00,292.293
100.00,98.17,0.00,297.888
100.00,98.43,0.00,303.856
100.00,98.82,0.00,309.590,best
100.00,98.69,0.00,315.356
100.00,98.30,0.00,320.694
100.00,98.56,0.00,327.015
100.00,98.56,0.00,333.000
100.00,98.56,0.00,338.560
100.00,98.56,0.00,344.245
100.00,98.69,0.00,350.040
100.00,98.69,0.00,356.041
100.00,98.82,0.00,361.524
100.00,98.30,0.00,367.399
100.00,98.82,0.00,367.399
