################ TRAINING REPORT #################
# Images path   | dataset\fabric\side64\
# Validation    | 0.30
# Height        | 64
# Width         | 64
# Architecure   | 1l_8f_5x5_fc50
# Bacth Size    | 32
# Max epochs    | 500
# Eval Criteria | 0.80
##################################################
train,validation,test,min,time
0.00,0.00,0.00,0.000
0.00,0.00,0.00,7.602
21.71,20.45,0.00,13.226,best
55.34,53.60,0.00,18.740,best
67.44,66.58,0.00,24.350,best
70.30,69.99,0.00,29.802,best
71.15,70.51,0.00,35.099,best
72.95,71.30,0.00,41.006,best
76.88,75.23,0.00,46.270,best
80.60,77.85,0.00,51.659,best
84.36,81.52,0.00,57.721,best
89.48,84.80,0.00,63.409,best
92.52,87.81,0.00,68.990,best
94.77,89.25,0.00,74.472,best
96.06,91.22,0.00,80.501,best
97.30,92.66,0.00,86.000,best
98.26,93.45,0.00,91.822,best
98.65,94.63,0.00,97.056,best
98.99,95.15,0.00,103.196,best
99.44,95.54,0.00,108.646,best
99.16,96.07,0.00,114.302,best
99.94,96.46,0.00,119.767,best
99.94,96.46,0.00,125.184
99.94,96.46,0.00,131.324
99.66,96.33,0.00,137.323
100.00,97.12,0.00,142.932,best
100.00,96.99,0.00,148.460
100.00,97.64,0.00,154.051,best
100.00,97.38,0.00,159.501
100.00,97.64,0.00,165.343
100.00,97.77,0.00,171.153,best
100.00,97.77,0.00,177.038
100.00,97.90,0.00,182.787,best
100.00,96.99,0.00,188.065
100.00,97.90,0.00,193.844
100.00,97.90,0.00,199.326
100.00,98.03,0.00,205.183,best
100.00,97.90,0.00,210.995
100.00,97.64,0.00,216.322
100.00,97.77,0.00,221.818
100.00,97.90,0.00,227.833
100.00,98.03,0.00,233.363
100.00,98.30,0.00,239.353,best
100.00,98.43,0.00,245.364,best
100.00,98.17,0.00,250.938
100.00,98.17,0.00,256.567
100.00,98.30,0.00,262.103
100.00,98.43,0.00,267.938
100.00,97.77,0.00,273.649
100.00,98.17,0.00,279.569
100.00,97.90,0.00,285.098
100.00,98.17,0.00,290.769
100.00,98.17,0.00,296.658
100.00,98.03,0.00,302.423
100.00,98.43,0.00,302.423
