################ TRAINING REPORT #################
# Images path   | dataset\fabric\side64\
# Validation    | 0.30
# Height        | 64
# Width         | 64
# Architecure   | 1l_8f_5x5_fc50
# Bacth Size    | 32
# Max epochs    | 500
# Eval Criteria | 0.80
##################################################
train,validation,test,min,time
0.00,0.00,0.00,0.000
0.00,0.00,0.00,6.703
20.13,18.48,0.00,12.812,best
55.96,54.26,0.00,18.422,best
67.66,67.37,0.00,24.030,best
70.08,69.86,0.00,29.629,best
71.09,70.77,0.00,35.458,best
73.85,72.35,0.00,41.942,best
78.07,74.84,0.00,47.535,best
83.01,78.77,0.00,52.989,best
86.22,82.31,0.00,59.111,best
89.54,85.06,0.00,64.688,best
92.80,87.55,0.00,70.376,best
94.54,89.38,0.00,76.143,best
96.68,90.69,0.00,81.785,best
97.53,92.27,0.00,87.235,best
98.14,93.05,0.00,92.891,best
98.14,92.14,0.00,98.499
99.10,93.97,0.00,104.232,best
99.21,93.32,0.00,110.190
99.44,94.63,0.00,115.908,best
99.89,95.54,0.00,122.001,best
99.94,95.41,0.00,127.617
99.94,95.15,0.00,133.406
99.94,95.41,0.00,139.411
99.89,95.94,0.00,145.519,best
100.00,95.94,0.00,151.440
100.00,96.59,0.00,157.392,best
100.00,96.33,0.00,163.048
100.00,96.20,0.00,169.046
100.00,96.46,0.00,174.954
100.00,96.59,0.00,180.888
100.00,96.46,0.00,186.856
100.00,96.46,0.00,193.045
100.00,96.59,0.00,198.930
100.00,96.59,0.00,204.680
100.00,96.72,0.00,210.617,best
100.00,97.12,0.00,216.117,best
100.00,96.99,0.00,221.446
100.00,97.38,0.00,227.163,best
100.00,97.38,0.00,233.507
100.00,97.38,0.00,239.352
100.00,97.38,0.00,245.026
100.00,97.64,0.00,251.437,best
100.00,97.25,0.00,257.359
100.00,97.51,0.00,263.435
100.00,97.25,0.00,268.902
100.00,97.64,0.00,274.617
100.00,97.51,0.00,280.530
100.00,97.64,0.00,286.686
100.00,97.51,0.00,292.686
100.00,97.77,0.00,298.233,best
100.00,97.64,0.00,304.067
100.00,97.64,0.00,310.114
100.00,96.99,0.00,316.082
100.00,97.25,0.00,321.738
100.00,97.38,0.00,327.707
100.00,97.12,0.00,333.830
100.00,97.38,0.00,339.601
100.00,97.51,0.00,345.101
100.00,97.25,0.00,351.162
100.00,97.64,0.00,356.894
100.00,97.77,0.00,356.894
