################ TRAINING REPORT #################
# Images path   | dataset\fabric\side64\
# Validation    | 0.30
# Height        | 64
# Width         | 64
# Architecure   | 1l_8f_5x5_fc50
# Bacth Size    | 32
# Max epochs    | 500
# Eval Criteria | 0.80
##################################################
train,validation,test,min,time
0.00,0.00,0.00,0.000
2.47,1.70,0.00,6.982,best
21.93,22.02,0.00,12.670,best
41.17,42.46,0.00,17.936,best
64.90,62.78,0.00,23.437,best
69.74,68.68,0.00,28.765,best
73.51,72.08,0.00,34.607,best
76.38,75.36,0.00,40.145,best
79.13,76.15,0.00,45.489,best
82.23,79.16,0.00,51.147,best
85.38,80.87,0.00,56.585,best
88.53,84.01,0.00,61.973,best
91.51,86.63,0.00,67.863,best
92.69,87.68,0.00,73.504,best
94.94,89.78,0.00,79.271,best
96.46,90.96,0.00,84.992,best
97.30,91.09,0.00,90.805,best
98.26,92.40,0.00,96.539,best
98.43,92.40,0.00,102.305
99.16,94.63,0.00,108.120,best
99.55,94.50,0.00,114.119
99.78,95.15,0.00,119.957,best
99.66,95.54,0.00,125.841,best
99.89,96.33,0.00,131.300,best
99.89,95.67,0.00,136.900
100.00,95.94,0.00,142.491
99.89,95.41,0.00,148.151
100.00,97.25,0.00,153.853,best
100.00,97.12,0.00,159.293
100.00,97.77,0.00,164.808,best
100.00,97.38,0.00,170.727
100.00,97.64,0.00,176.396
100.00,97.25,0.00,182.148
100.00,97.51,0.00,187.742
100.00,97.77,0.00,193.474
100.00,97.25,0.00,199.510
100.00,97.25,0.00,205.096
100.00,97.77,0.00,210.844
100.00,97.77,0.00,216.715
100.00,97.90,0.00,222.416,best
100.00,97.25,0.00,227.838
100.00,97.77,0.00,233.732
100.00,97.77,0.00,239.761
100.00,97.77,0.00,245.385
100.00,98.03,0.00,250.742,best
100.00,97.77,0.00,256.150
100.00,98.30,0.00,262.509,best
100.00,98.17,0.00,268.538
100.00,97.90,0.00,274.475
100.00,98.03,0.00,280.145
100.00,98.17,0.00,285.580
100.00,98.17,0.00,291.345
100.00,98.17,0.00,297.921
100.00,98.17,0.00,303.731
100.00,98.17,0.00,309.213
100.00,98.43,0.00,315.470,best
100.00,98.30,0.00,321.408
100.00,98.43,0.00,326.991
100.00,98.30,0.00,332.568
100.00,98.43,0.00,338.659
100.00,98.43,0.00,344.604
100.00,98.17,0.00,350.666
100.00,98.30,0.00,355.995
100.00,98.43,0.00,361.818
100.00,98.56,0.00,367.505,best
100.00,98.43,0.00,373.599
100.00,98.17,0.00,379.231
100.00,98.03,0.00,384.666
100.00,98.43,0.00,390.297
100.00,98.17,0.00,395.938
100.00,98.56,0.00,402.140
100.00,98.56,0.00,407.412
100.00,98.56,0.00,413.176
100.00,98.56,0.00,418.799
100.00,98.56,0.00,424.219
100.00,98.56,0.00,424.219
