################ TRAINING REPORT #################
# Images path   | dataset\fabric\side64\
# Validation    | 0.30
# Height        | 64
# Width         | 64
# Architecure   | 1l_8f_5x5_fc50
# Bacth Size    | 32
# Max epochs    | 500
# Eval Criteria | 0.80
##################################################
train,validation,test,min,time
0.00,0.00,0.00,0.000
5.01,4.85,0.00,6.838,best
19.52,18.35,0.00,12.463,best
31.38,31.85,0.00,18.103,best
57.71,57.54,0.00,23.587,best
67.72,66.84,0.00,29.431,best
73.12,71.30,0.00,34.976,best
76.60,74.71,0.00,41.060,best
80.54,76.93,0.00,46.825,best
84.48,80.60,0.00,52.636,best
87.57,82.83,0.00,57.884,best
91.17,85.19,0.00,63.479,best
94.32,88.86,0.00,69.550,best
96.46,90.17,0.00,75.190,best
97.98,91.35,0.00,80.818,best
98.31,92.27,0.00,86.131,best
99.10,93.45,0.00,91.848,best
99.55,94.89,0.00,97.503,best
99.66,95.02,0.00,102.503,best
99.72,95.02,0.00,107.708
99.89,95.81,0.00,113.385,best
99.78,96.59,0.00,118.789,best
99.94,95.81,0.00,124.461
99.94,97.12,0.00,130.227,best
99.94,97.51,0.00,135.803,best
99.94,97.25,0.00,141.878
99.94,96.07,0.00,147.582
100.00,97.12,0.00,153.015
100.00,97.64,0.00,158.664,best
100.00,97.51,0.00,164.442
100.00,98.17,0.00,170.408,best
100.00,97.38,0.00,175.877
100.00,97.12,0.00,181.706
100.00,98.03,0.00,187.563
99.94,96.33,0.00,193.521
100.00,98.03,0.00,199.476
100.00,98.17,0.00,204.910
100.00,98.30,0.00,210.928,best
100.00,98.03,0.00,216.581
100.00,98.30,0.00,222.141
100.00,98.69,0.00,228.374,best
100.00,98.43,0.00,233.686
100.00,98.43,0.00,239.325
100.00,98.82,0.00,245.221,best
100.00,98.69,0.00,250.875
100.00,98.56,0.00,256.423
100.00,98.56,0.00,262.387
100.00,98.43,0.00,267.789
100.00,98.03,0.00,273.398
100.00,98.30,0.00,279.507
100.00,98.17,0.00,285.162
100.00,98.69,0.00,291.066
100.00,98.30,0.00,296.926
100.00,98.17,0.00,302.755
100.00,98.82,0.00,302.755
