################ TRAINING REPORT #################
# Images path   | dataset\fabric\side64\
# Validation    | 0.30
# Height        | 64
# Width         | 64
# Architecure   | 1l_8f_5x5_fc50
# Bacth Size    | 32
# Max epochs    | 500
# Eval Criteria | 0.80
##################################################
train,validation,test,min,time
0.00,0.00,0.00,0.000
14.12,14.29,0.00,6.553,best
17.49,17.17,0.00,12.336,best
46.74,47.18,0.00,18.056,best
62.37,62.39,0.00,23.868,best
69.18,68.28,0.00,29.556,best
74.07,72.08,0.00,35.505,best
79.64,76.02,0.00,40.955,best
84.20,79.16,0.00,46.490,best
88.92,84.01,0.00,51.982,best
92.91,87.68,0.00,57.575,best
95.28,89.78,0.00,63.028,best
96.74,91.35,0.00,69.011,best
97.75,93.05,0.00,74.931,best
98.93,93.71,0.00,80.447,best
99.04,94.76,0.00,85.939,best
99.27,94.50,0.00,92.017
99.66,95.41,0.00,98.250,best
99.78,96.07,0.00,103.443,best
99.83,95.94,0.00,108.990
99.94,95.81,0.00,114.901
100.00,96.85,0.00,120.331,best
99.94,96.59,0.00,126.096
100.00,97.64,0.00,131.768,best
100.00,97.51,0.00,137.422
100.00,97.64,0.00,143.265
100.00,98.30,0.00,148.671,best
100.00,97.25,0.00,154.260
100.00,98.17,0.00,160.071
100.00,98.56,0.00,166.073,best
100.00,98.56,0.00,171.543
100.00,98.56,0.00,177.563
100.00,98.69,0.00,183.153,best
100.00,97.64,0.00,188.763
100.00,97.90,0.00,194.341
100.00,98.56,0.00,199.899
100.00,98.03,0.00,205.804
100.00,99.21,0.00,211.268,best
100.00,98.56,0.00,216.690
100.00,98.82,0.00,222.313
100.00,98.69,0.00,227.879
100.00,98.82,0.00,233.677
100.00,98.69,0.00,239.318
100.00,98.56,0.00,244.896
100.00,98.95,0.00,250.586
100.00,99.21,0.00,256.102
100.00,98.82,0.00,262.193
100.00,98.82,0.00,267.939
100.00,99.21,0.00,267.939
