################ TRAINING REPORT #################
# Images path   | dataset\fabric\side64\
# Validation    | 0.30
# Height        | 64
# Width         | 64
# Architecure   | 1l_8f_5x5_fc50
# Bacth Size    | 32
# Max epochs    | 500
# Eval Criteria | 0.80
##################################################
train,validation,test,min,time
0.00,0.00,0.00,0.000
0.00,0.00,0.00,6.793
14.74,14.55,0.00,12.189,best
28.07,28.18,0.00,17.930,best
49.27,47.84,0.00,23.465,best
64.23,61.86,0.00,29.513,best
67.77,65.66,0.00,34.979,best
68.84,68.15,0.00,40.906,best
71.32,69.46,0.00,46.499,best
75.48,73.53,0.00,51.841,best
78.97,77.06,0.00,57.342,best
82.96,81.13,0.00,62.828,best
86.45,83.88,0.00,68.608,best
89.54,87.02,0.00,74.503,best
91.23,88.47,0.00,79.941,best
92.80,90.04,0.00,85.590,best
94.77,92.53,0.00,90.903,best
96.34,93.58,0.00,96.338,best
97.24,94.10,0.00,101.417,best
97.75,94.36,0.00,107.134,best
98.09,94.36,0.00,112.850
97.47,94.23,0.00,118.645
98.88,95.54,0.00,124.096,best
99.04,95.67,0.00,129.691,best
99.33,96.33,0.00,135.223,best
99.33,96.07,0.00,140.576
99.38,96.72,0.00,146.341,best
99.83,96.59,0.00,152.499
99.83,96.99,0.00,158.161,best
99.83,97.12,0.00,164.097,best
99.94,96.59,0.00,169.424
99.94,97.38,0.00,174.890,best
99.94,97.51,0.00,180.557,best
100.00,97.51,0.00,185.979
100.00,97.38,0.00,191.375
100.00,97.38,0.00,196.964
100.00,97.51,0.00,203.179
100.00,97.38,0.00,208.837
99.94,97.64,0.00,214.243,best
100.00,97.25,0.00,220.242
100.00,97.90,0.00,225.867,best
100.00,97.38,0.00,231.302
100.00,97.38,0.00,236.425
100.00,97.64,0.00,242.518
100.00,98.03,0.00,248.470,best
100.00,97.90,0.00,254.202
100.00,97.38,0.00,259.605
100.00,97.51,0.00,265.357
100.00,97.77,0.00,270.779
100.00,97.12,0.00,276.276
100.00,97.77,0.00,281.625
100.00,97.90,0.00,287.371
100.00,97.64,0.00,292.838
100.00,97.77,0.00,298.432
100.00,98.17,0.00,303.881,best
100.00,97.51,0.00,309.647
100.00,98.17,0.00,315.608
100.00,97.90,0.00,321.297
100.00,97.64,0.00,326.719
100.00,97.90,0.00,332.451
100.00,97.51,0.00,338.155
100.00,97.77,0.00,343.669
100.00,98.17,0.00,349.081
100.00,97.77,0.00,354.911
100.00,97.77,0.00,360.957
100.00,98.17,0.00,360.957
