################ TRAINING REPORT #################
# Images path   | dataset\fabric\side64\
# Validation    | 0.30
# Height        | 64
# Width         | 64
# Architecure   | 1l_8f_5x5_fc50
# Bacth Size    | 32
# Max epochs    | 500
# Eval Criteria | 0.80
##################################################
train,validation,test,min,time
0.00,0.00,0.00,0.000
0.11,0.00,0.00,7.004
24.30,24.12,0.00,12.177,best
38.41,38.40,0.00,17.721,best
63.72,61.34,0.00,22.700,best
69.97,68.41,0.00,28.504,best
72.10,71.17,0.00,33.012,best
75.53,74.57,0.00,38.601,best
80.88,79.55,0.00,43.702,best
85.43,83.62,0.00,49.152,best
89.54,86.24,0.00,55.004,best
92.07,86.76,0.00,60.590,best
95.11,88.86,0.00,66.525,best
96.34,90.69,0.00,71.891,best
97.41,92.27,0.00,77.719,best
97.53,93.71,0.00,83.455,best
98.54,93.18,0.00,88.956
98.93,94.89,0.00,94.219,best
99.72,95.54,0.00,99.313,best
99.66,96.59,0.00,104.833,best
99.83,96.33,0.00,110.720
99.83,95.67,0.00,115.891
99.94,97.77,0.00,121.470,best
100.00,97.25,0.00,126.921
99.94,98.03,0.00,132.529,best
99.94,98.17,0.00,138.216,best
100.00,97.77,0.00,143.997
100.00,98.03,0.00,149.529
100.00,98.03,0.00,155.076
100.00,97.90,0.00,160.748
100.00,98.30,0.00,166.811,best
100.00,97.77,0.00,172.179
100.00,98.30,0.00,177.632
100.00,98.43,0.00,182.882,best
100.00,98.43,0.00,188.600
100.00,98.30,0.00,194.441
100.00,98.03,0.00,200.111
100.00,97.51,0.00,205.469
100.00,98.30,0.00,211.311
100.00,98.43,0.00,217.202
100.00,99.08,0.00,223.013,best
100.00,98.69,0.00,228.904
100.00,98.82,0.00,234.368
100.00,97.64,0.00,239.522
100.00,98.43,0.00,245.143
100.00,97.64,0.00,250.704
100.00,98.82,0.00,256.593
100.00,99.08,0.00,262.435
100.00,98.82,0.00,268.292
100.00,98.56,0.00,273.660
100.00,98.95,0.00,278.802
100.00,99.08,0.00,278.802
