################ TRAINING REPORT #################
# Images path   | dataset\fabric\side64\
# Validation    | 0.30
# Height        | 64
# Width         | 64
# Architecure   | 1l_8f_5x5_fc50
# Bacth Size    | 32
# Max epochs    | 500
# Eval Criteria | 0.80
##################################################
train,validation,test,min,time
0.00,0.00,0.00,0.000
0.00,0.00,0.00,6.515
34.48,34.08,0.00,12.451,best
49.89,48.10,0.00,17.812,best
68.00,67.89,0.00,23.498,best
69.80,70.12,0.00,29.183,best
70.64,70.64,0.00,34.545,best
72.83,72.21,0.00,39.846,best
76.77,77.20,0.00,45.190,best
80.82,80.87,0.00,50.456,best
84.81,83.88,0.00,56.095,best
88.53,85.58,0.00,61.583,best
91.90,88.86,0.00,67.133,best
94.09,91.22,0.00,72.210,best
95.73,91.87,0.00,77.535,best
96.63,92.53,0.00,82.916,best
97.36,93.84,0.00,88.736,best
98.48,95.41,0.00,94.231,best
98.71,95.94,0.00,100.090,best
99.16,96.07,0.00,105.829,best
99.61,96.33,0.00,111.235,best
99.61,96.59,0.00,116.967,best
99.89,96.72,0.00,122.459,best
99.94,97.12,0.00,128.052,best
99.66,96.85,0.00,133.505
100.00,97.25,0.00,139.018,best
99.94,97.25,0.00,144.535
100.00,97.64,0.00,150.205,best
99.89,97.51,0.00,155.819
100.00,97.77,0.00,161.450,best
100.00,97.77,0.00,167.366
100.00,97.77,0.00,172.899
100.00,96.99,0.00,178.732
100.00,97.90,0.00,184.341,best
100.00,97.77,0.00,189.697
100.00,97.77,0.00,195.406
100.00,97.90,0.00,200.869
100.00,98.03,0.00,206.867,best
100.00,98.43,0.00,212.646,best
100.00,98.03,0.00,217.941
100.00,98.17,0.00,224.144
100.00,98.03,0.00,229.969
100.00,98.30,0.00,236.127
100.00,98.30,0.00,241.967
100.00,98.43,0.00,247.716
100.00,98.56,0.00,253.324,best
100.00,98.43,0.00,259.088
100.00,98.17,0.00,264.650
100.00,98.17,0.00,270.426
100.00,98.30,0.00,276.145
100.00,98.43,0.00,281.864
100.00,98.30,0.00,287.455
100.00,97.90,0.00,293.531
100.00,98.30,0.00,299.515
100.00,98.30,0.00,305.640
100.00,98.30,0.00,311.262
100.00,98.56,0.00,311.262
