################ TRAINING REPORT #################
# Images path   | dataset\fabric\side64\
# Validation    | 0.30
# Height        | 64
# Width         | 64
# Architecure   | 1l_8f_5x5_fc50
# Bacth Size    | 32
# Max epochs    | 500
# Eval Criteria | 0.80
##################################################
train,validation,test,min,time
0.00,0.00,0.00,0.000
0.00,0.00,0.00,6.688
22.33,20.71,0.00,12.938,best
44.94,44.43,0.00,18.922,best
62.54,61.99,0.00,24.419,best
68.34,67.37,0.00,29.890,best
70.13,69.20,0.00,35.298,best
70.58,69.99,0.00,41.010,best
73.12,71.56,0.00,46.351,best
80.31,77.98,0.00,52.148,best
83.18,80.73,0.00,57.977,best
87.51,83.75,0.00,63.601,best
90.38,86.89,0.00,69.522,best
92.74,90.17,0.00,75.470,best
93.64,91.48,0.00,81.046,best
96.18,90.96,0.00,86.672
97.13,93.05,0.00,92.217,best
97.81,94.10,0.00,97.972,best
98.88,94.10,0.00,103.495
99.27,94.89,0.00,109.432,best
99.33,94.36,0.00,115.306
99.66,95.28,0.00,121.087,best
99.66,95.41,0.00,127.087,best
99.83,95.41,0.00,133.009
99.89,95.41,0.00,138.801
99.83,95.81,0.00,144.620,best
99.83,96.33,0.00,150.520,best
99.94,95.54,0.00,156.815
100.00,96.33,0.00,162.500
100.00,96.72,0.00,168.105,best
100.00,96.85,0.00,173.902,best
100.00,96.59,0.00,179.550
100.00,97.12,0.00,184.894,best
100.00,97.12,0.00,190.581
100.00,97.25,0.00,196.421,best
100.00,96.85,0.00,201.815
100.00,96.99,0.00,207.782
100.00,97.51,0.00,213.686,best
100.00,97.38,0.00,219.452
100.00,97.38,0.00,224.840
100.00,97.77,0.00,230.964,best
100.00,97.38,0.00,236.993
100.00,97.77,0.00,242.538
100.00,97.51,0.00,247.920
100.00,97.25,0.00,254.386
100.00,97.51,0.00,259.928
100.00,97.64,0.00,265.842
100.00,97.25,0.00,271.424
100.00,97.64,0.00,276.828
100.00,97.77,0.00,282.531
100.00,97.25,0.00,288.264
100.00,97.77,0.00,288.264
