################ TRAINING REPORT #################
# Images path   | dataset\kylberg\training\
# Validation    | 0.30
# Height        | 64
# Width         | 64
# Architecure   | 2l_8f_16f_5x5_fc256
# Bacth Size    | 32
# Epochs        | 500
# Eval Criteria | 0.80
##################################################
train,validation,test,min,time
0.00,0.00,18.58,0.000
58.59,54.86,81.77,5.777,best
96.91,86.89,92.62,9.994,best
99.29,89.76,93.75,14.251,best
95.13,85.33,90.02,18.487
100.00,90.80,93.49,22.704,best
99.96,92.88,94.44,26.984,best
99.89,92.10,94.10,31.240
100.00,91.67,93.92,35.449
99.93,91.93,93.92,39.609
100.00,93.23,95.14,43.817,best
100.00,92.80,94.36,47.994
100.00,93.23,95.14,52.219
99.81,92.71,94.62,56.391
99.70,92.53,94.36,60.602
100.00,93.49,95.05,64.786,best
100.00,94.79,96.35,68.994,best
100.00,94.36,95.92,73.190
100.00,94.18,95.49,77.431
100.00,94.70,96.18,81.563
100.00,93.92,96.35,85.790
100.00,94.44,96.18,89.964
100.00,95.40,97.14,94.226,best
100.00,95.92,97.22,98.444,best
100.00,94.36,96.35,102.641
100.00,95.92,97.22,106.851
100.00,95.57,97.05,111.075
100.00,96.09,97.22,115.260,best
100.00,96.09,97.40,119.502
100.00,96.27,98.09,123.640,best
100.00,96.61,97.74,127.830,best
99.96,96.01,97.14,132.016
100.00,96.01,97.31,136.269
100.00,95.05,96.61,140.439
99.96,96.35,97.40,144.696
99.78,90.97,94.70,148.864
100.00,96.27,97.31,153.126
100.00,96.79,97.66,157.302,best
100.00,96.01,97.74,161.537
99.96,96.01,98.00,165.656
100.00,96.53,98.18,169.852
100.00,96.44,97.92,174.014
100.00,96.01,97.48,178.210
99.96,95.75,97.92,182.364
100.00,96.44,97.92,186.554
100.00,96.79,97.92,190.722
99.96,96.27,97.31,194.882
99.96,95.92,97.66,199.006
100.00,96.79,97.66,199.006
