################ TRAINING REPORT #################
# Images path   | dataset\kylberg\training\
# Validation    | 0.30
# Height        | 64
# Width         | 64
# Architecure   | 2l_8f_16f_5x5_fc256
# Bacth Size    | 32
# Epochs        | 500
# Eval Criteria | 0.80
##################################################
train,validation,test,min,time
0.00,0.00,19.70,0.000
35.60,32.90,66.15,7.480,best
32.03,30.47,61.55,13.385
42.52,41.67,71.35,19.265,best
52.90,50.69,75.09,25.154,best
52.68,50.87,74.48,31.216,best
53.94,52.43,79.17,37.043,best
61.46,59.20,78.99,43.262,best
62.54,60.76,83.42,49.154,best
65.59,63.80,87.07,55.078,best
71.35,71.01,79.60,61.121,best
79.99,79.86,88.19,67.164,best
93.34,91.49,95.31,73.115,best
93.34,90.28,94.97,79.051
91.59,87.93,93.66,84.955
95.42,91.93,96.01,91.022,best
95.16,92.53,94.70,96.853,best
97.69,94.79,97.22,103.022,best
97.32,93.49,96.88,108.975
95.68,92.01,94.27,115.042
96.95,94.10,95.57,121.040
98.44,94.79,96.53,127.036
98.07,94.70,96.18,133.079
98.44,94.97,96.61,139.166,best
98.47,94.97,96.35,145.150
99.37,96.79,97.74,151.157,best
98.85,95.14,96.79,157.153
98.55,95.23,96.09,163.218
99.67,96.09,97.14,169.340
96.17,92.36,94.44,175.248
98.44,95.40,96.18,181.273
97.58,94.10,95.14,187.425
98.40,94.53,95.40,193.375
98.85,95.66,96.79,199.335
99.85,96.53,97.40,205.303
98.55,95.49,95.92,211.446
99.37,96.79,97.74,211.446
