################ TRAINING REPORT #################
# Images path   | dataset\kylberg\training\
# Validation    | 0.30
# Height        | 64
# Width         | 64
# Architecure   | 2l_8f_16f_5x5_fc256
# Bacth Size    | 32
# Epochs        | 500
# Eval Criteria | 0.80
##################################################
train,validation,test,min,time
0.00,0.00,11.81,0.000
51.04,48.44,74.83,8.506,best
82.48,77.60,89.50,15.477,best
92.30,86.63,93.32,22.529,best
97.92,93.06,95.23,29.437,best
98.59,94.01,96.44,36.416,best
97.77,92.53,96.18,43.400
96.43,93.23,94.62,50.511
97.14,91.84,94.18,57.515
98.85,94.36,96.61,64.436,best
99.00,95.31,96.79,71.499,best
99.52,95.23,97.05,78.543
99.78,96.18,97.40,85.617,best
99.26,94.18,96.18,92.469
99.48,95.14,96.44,99.461
99.81,97.14,98.00,106.533,best
99.89,95.92,97.31,113.515
99.63,96.27,97.66,120.465
99.55,96.27,97.48,127.483
99.93,96.44,97.40,134.498
99.74,96.18,97.14,141.430
99.93,95.92,96.70,148.499
99.96,96.09,96.96,155.595
100.00,96.09,96.96,162.654
100.00,96.88,97.48,169.710
99.52,97.22,98.09,176.674,best
99.70,96.27,97.14,183.687
99.55,96.27,97.74,190.855
99.85,97.40,97.74,197.974,best
99.85,96.44,97.48,205.058
99.67,96.53,96.70,212.164
100.00,97.14,97.92,219.290
100.00,96.53,97.57,226.318
100.00,96.27,97.57,233.390
99.96,97.14,98.00,240.433
99.89,95.83,96.96,247.470
100.00,96.09,97.57,254.381
98.21,93.92,95.66,261.401
99.89,96.96,98.18,268.526
99.85,97.40,97.74,268.526
