################ TRAINING REPORT #################
# Images path   | dataset\kylberg\training\
# Validation    | 0.30
# Height        | 64
# Width         | 64
# Architecure   | 2l_8f_16f_5x5_fc256
# Bacth Size    | 32
# Epochs        | 500
# Eval Criteria | 0.80
##################################################
train,validation,test,min,time
0.00,0.00,16.23,0.000
53.61,50.35,79.25,5.637,best
95.80,88.28,93.58,9.788,best
98.18,92.27,94.36,13.892,best
99.33,91.49,94.44,18.031
99.63,93.58,95.23,22.216,best
99.78,92.97,94.36,26.263
99.78,93.14,94.97,30.381
100.00,93.32,95.75,34.428
100.00,94.27,95.57,38.517,best
99.96,94.36,95.05,42.590,best
99.81,94.62,96.61,46.713,best
99.96,94.44,96.09,50.776
100.00,95.31,96.61,54.879,best
99.89,92.97,95.31,58.913
99.40,91.84,94.70,63.044
100.00,95.75,97.05,67.113,best
99.11,92.80,94.18,71.202
100.00,95.49,97.31,75.257
99.96,95.40,96.70,79.372
100.00,95.75,97.05,83.430
100.00,96.53,97.74,87.504,best
100.00,95.83,96.96,91.551
100.00,95.66,96.96,95.684
100.00,96.18,97.22,99.682
100.00,96.88,97.66,103.804,best
100.00,94.88,97.05,107.798
100.00,95.83,96.96,111.900
100.00,96.88,97.83,115.971
100.00,96.09,97.31,120.109
100.00,95.92,96.79,124.214
99.93,94.88,97.05,128.337
100.00,96.09,97.83,132.373
99.96,94.36,96.44,136.476
99.96,96.88,97.57,140.504
100.00,96.27,98.00,144.588
100.00,96.88,97.66,144.588
