################ TRAINING REPORT #################
# Images path   | dataset\kylberg\training\
# Validation    | 0.30
# Height        | 64
# Width         | 64
# Architecure   | 2l_8f_16f_5x5_fc256
# Bacth Size    | 32
# Epochs        | 500
# Eval Criteria | 0.80
##################################################
train,validation,test,min,time
0.00,0.00,12.59,0.000
50.37,49.39,77.78,5.986,best
69.31,63.54,83.85,10.402,best
97.43,87.85,91.75,14.860,best
99.89,90.89,93.92,19.202,best
99.78,90.10,92.80,23.536
99.78,90.28,93.23,27.922
99.44,91.41,93.66,32.230,best
99.26,91.67,93.32,36.594,best
99.78,91.41,93.58,40.922
100.00,92.45,94.18,45.364,best
99.89,92.71,94.36,49.714,best
99.78,91.41,93.06,54.060
100.00,93.23,95.05,58.341,best
100.00,94.10,95.23,62.702,best
100.00,94.10,95.92,66.970
100.00,92.80,94.79,71.321
99.96,93.06,94.62,75.585
100.00,94.70,95.92,79.910,best
100.00,94.70,96.09,84.192
99.96,94.18,96.27,88.530
100.00,94.70,96.70,92.798
99.89,93.58,95.31,97.120
100.00,94.01,96.01,101.413
100.00,94.70,96.44,105.751
99.78,92.45,94.44,110.085
100.00,95.57,97.05,114.440,best
100.00,95.23,96.35,118.679
100.00,95.40,96.70,123.009
100.00,95.66,97.14,127.565,best
100.00,95.83,97.74,131.799,best
100.00,94.88,96.61,136.031
99.89,92.45,94.70,140.261
99.93,95.31,96.44,144.414
99.96,94.18,96.35,148.648
100.00,95.23,97.40,152.847
99.96,95.57,96.79,157.137
100.00,96.61,98.18,161.315,best
100.00,96.35,98.00,165.548
100.00,95.92,97.83,169.727
99.96,95.83,97.66,173.925
100.00,95.23,96.96,178.097
100.00,95.83,97.31,182.308
100.00,95.83,97.22,186.554
100.00,95.14,97.14,190.822
100.00,96.88,97.74,194.992,best
99.85,95.92,97.22,199.212
100.00,95.66,97.66,203.373
99.96,95.49,97.74,207.603
100.00,96.70,97.92,211.746
100.00,96.09,97.66,215.962
100.00,96.35,97.92,220.152
99.96,95.57,97.57,224.389
100.00,96.44,98.00,228.578
99.81,96.18,98.00,232.813
100.00,96.18,98.52,236.970
100.00,96.88,97.74,236.970
