################ TRAINING REPORT #################
# Images path   | dataset\kylberg\training\
# Validation    | 0.30
# Height        | 64
# Width         | 64
# Architecure   | 2l_8f_16f_5x5_fc256
# Bacth Size    | 32
# Epochs        | 500
# Eval Criteria | 0.80
##################################################
train,validation,test,min,time
0.00,0.00,16.67,0.000
44.49,44.62,64.76,5.774,best
49.11,48.78,77.08,10.011,best
52.05,48.61,72.48,14.248
59.75,56.77,78.91,18.460,best
66.00,62.67,80.47,22.707,best
89.66,81.25,91.93,26.943,best
96.06,87.67,94.10,31.151,best
97.40,88.45,93.40,35.318,best
99.78,95.23,97.57,39.539,best
99.85,94.10,96.18,43.715
99.89,95.05,96.88,47.876
99.96,96.18,96.96,52.081,best
100.00,96.09,97.22,56.229
100.00,96.09,97.74,60.398
99.63,92.71,94.44,64.588
100.00,94.88,96.18,68.771
100.00,95.83,97.14,72.983
99.85,94.27,95.57,77.189
100.00,95.66,97.14,81.428
100.00,95.92,97.05,85.653
98.33,93.06,94.44,89.838
100.00,95.05,96.09,93.991
99.96,96.18,96.96,93.991
