################ TRAINING REPORT #################
# Images path   | dataset\kylberg\training\
# Validation    | 0.30
# Height        | 64
# Width         | 64
# Architecure   | 2l_8f_16f_5x5_fc256
# Bacth Size    | 32
# Epochs        | 500
# Eval Criteria | 0.80
##################################################
train,validation,test,min,time
0.00,0.00,16.67,0.000
55.25,53.91,81.51,8.475,best
77.23,73.78,87.41,15.479,best
91.07,85.59,91.49,22.667,best
95.24,88.89,94.18,29.714,best
95.42,90.28,94.97,36.631,best
97.21,92.01,95.23,43.764,best
95.83,90.54,94.18,50.794
98.10,93.49,95.57,57.789,best
98.81,94.79,96.44,64.761,best
98.81,93.75,96.18,72.046
99.29,95.40,96.44,79.240,best
98.66,94.97,96.88,86.347
99.48,95.31,96.88,93.525
99.03,93.92,96.01,100.830
98.66,92.71,94.79,107.901
99.67,94.97,96.61,114.872
99.74,96.44,97.48,121.867,best
99.70,95.05,96.27,129.005
99.85,95.92,97.40,136.030
99.81,95.92,97.31,143.140
99.55,95.40,97.05,150.176
99.48,95.14,96.44,157.401
99.85,95.92,97.22,164.361
99.67,94.10,95.75,171.498
