################ TRAINING REPORT #################
# Images path   | dataset\kylberg\training\
# Validation    | 0.30
# Height        | 64
# Width         | 64
# Architecure   | 2l_8f_16f_5x5_fc256
# Bacth Size    | 32
# Epochs        | 500
# Eval Criteria | 0.80
##################################################
train,validation,test,min,time
0.00,0.00,16.67,0.000
29.13,25.87,73.78,7.351,best
48.10,46.70,70.31,13.226,best
46.47,40.71,73.70,19.189
51.08,48.87,79.34,25.043,best
53.76,53.30,81.77,30.980,best
50.86,49.31,80.38,36.865
63.69,63.63,84.98,42.742,best
74.40,72.22,84.38,48.584,best
70.94,67.80,86.55,54.389
83.63,78.12,86.37,60.298,best
86.12,81.86,89.24,66.279,best
91.37,86.28,92.71,72.237,best
91.29,86.28,90.45,78.127
94.42,89.84,94.62,84.224,best
96.17,91.93,95.14,90.175,best
96.88,91.67,94.62,96.025
94.68,87.59,92.53,101.969
95.20,88.54,92.27,107.903
94.90,91.84,94.36,113.816
96.69,92.01,94.62,119.758,best
97.92,94.27,96.01,125.753,best
97.32,92.45,95.66,131.663
97.99,93.84,96.09,137.640
97.84,93.66,95.49,143.552
99.52,95.49,96.79,149.497,best
98.70,94.44,96.01,155.470
97.66,92.88,95.05,161.347
98.88,94.44,96.27,167.231
98.25,93.66,94.70,173.111
98.70,93.84,95.66,179.107
99.74,95.57,96.61,185.158,best
99.55,95.40,97.05,191.057
99.48,95.05,96.53,196.984
99.74,95.49,96.61,203.024
99.81,95.23,96.70,208.903
97.32,91.58,93.14,214.883
99.81,95.66,96.70,220.790,best
99.78,95.83,97.22,226.710,best
99.52,95.31,96.96,232.623
99.11,94.18,96.35,238.620
96.24,88.37,90.80,244.615
95.87,90.36,92.53,250.682
99.63,94.53,95.83,256.771
99.74,95.75,96.44,262.663
99.96,96.09,96.96,268.665,best
99.89,95.66,96.96,274.588
99.67,96.18,96.79,280.605,best
99.89,96.53,97.40,286.515,best
99.44,94.01,95.66,292.395
99.93,96.01,97.40,298.380
99.70,96.27,97.40,304.366
96.13,90.62,91.93,310.351
99.74,95.75,97.22,316.335
100.00,95.14,96.88,322.341
99.96,96.09,97.05,328.376
99.96,96.01,96.96,334.276
99.85,96.01,97.05,340.272
97.66,93.06,94.44,346.302
99.89,96.53,97.40,346.302
