################ TRAINING REPORT #################
# Images path   | dataset\kylberg\training\
# Validation    | 0.30
# Height        | 64
# Width         | 64
# Architecure   | 2l_8f_16f_5x5_fc256
# Bacth Size    | 32
# Epochs        | 500
# Eval Criteria | 0.80
##################################################
train,validation,test,min,time
0.00,0.00,17.01,0.000
41.11,39.24,74.65,5.631,best
44.79,45.40,72.22,9.668,best
56.06,53.99,78.91,13.777,best
58.37,56.25,77.95,17.796,best
60.12,58.33,79.51,21.867,best
62.09,55.47,78.99,25.949
79.17,69.10,86.89,29.972,best
93.68,84.81,90.80,34.012,best
97.58,89.15,92.19,38.059,best
99.67,92.19,94.79,42.120,best
99.22,91.41,94.44,46.179
99.67,91.41,93.32,50.215
99.89,93.14,94.70,54.236,best
99.96,93.14,95.31,58.320
99.96,92.88,94.01,62.378
100.00,94.53,94.97,66.405,best
100.00,94.44,94.97,70.445
100.00,94.62,95.31,74.473,best
99.89,93.58,94.53,78.483
99.96,94.62,95.31,82.488
100.00,94.53,95.83,86.497
100.00,93.58,94.79,90.557
100.00,95.57,96.18,94.573,best
99.70,93.66,95.05,98.667
100.00,94.70,96.35,102.701
97.69,89.41,91.58,106.766
99.67,92.53,94.27,110.775
100.00,94.79,96.09,114.829
99.96,93.40,94.53,118.873
100.00,95.31,96.61,122.944
100.00,94.70,95.40,126.892
99.59,92.36,93.75,130.940
100.00,95.23,96.44,134.956
100.00,95.57,96.18,134.956
