################ TRAINING REPORT #################
# Images path   | dataset\kylberg\training\
# Validation    | 0.30
# Height        | 64
# Width         | 64
# Architecure   | 2l_8f_16f_5x5_fc256
# Bacth Size    | 32
# Epochs        | 500
# Eval Criteria | 0.80
##################################################
train,validation,test,min,time
0.00,0.00,16.67,0.000
41.15,38.89,74.05,5.633,best
51.38,48.78,78.65,9.806,best
61.50,59.81,78.21,13.981,best
58.44,54.43,79.25,18.156
71.13,67.88,84.11,22.282,best
84.52,80.38,88.72,26.395,best
96.17,90.45,94.79,30.555,best
96.91,90.19,94.62,34.658
99.63,94.01,95.75,38.816,best
94.61,89.67,92.10,42.937
99.67,95.31,96.88,47.062,best
99.96,95.92,97.48,51.162,best
99.93,95.40,97.31,55.335
100.00,94.36,95.66,59.413
99.74,93.49,95.14,63.564
99.96,95.40,96.88,67.683
99.93,95.75,96.61,71.817
99.89,94.62,95.75,75.951
99.93,95.05,96.79,80.088
99.96,95.92,97.14,84.184
99.93,94.44,96.01,88.361
99.85,93.84,95.75,92.525
99.96,95.92,97.48,92.525
