################ TRAINING REPORT #################
# Images path   | dataset\kylberg\training\
# Validation    | 0.30
# Height        | 64
# Width         | 64
# Architecure   | 2l_8f_16f_5x5_fc256
# Bacth Size    | 32
# Epochs        | 500
# Eval Criteria | 0.80
##################################################
train,validation,test,min,time
0.00,0.00,13.63,0.000
48.44,47.31,80.03,8.291,best
76.30,73.09,88.63,15.236,best
87.69,82.12,91.06,22.205,best
94.90,87.50,92.71,29.170,best
96.32,90.28,93.75,36.162,best
95.80,88.80,92.62,43.178
97.32,90.89,95.14,50.198,best
98.25,92.80,94.88,57.180,best
97.02,91.32,93.66,64.136
98.47,92.97,95.31,71.203,best
99.03,93.32,95.40,78.227,best
99.40,93.49,95.40,85.173,best
99.67,94.01,95.66,92.074,best
99.48,94.10,95.66,99.025,best
99.89,94.10,95.75,106.082
99.93,94.53,95.66,113.101,best
98.66,93.92,95.31,120.093
99.89,94.79,96.09,127.189,best
99.70,95.49,96.09,134.151,best
99.81,94.62,95.31,141.162
99.78,93.84,95.92,148.276
99.00,94.88,95.83,155.309
99.70,94.97,96.27,162.315
99.96,95.66,96.61,169.375,best
99.96,95.57,96.53,176.357
99.96,95.75,97.05,183.512,best
100.00,95.49,96.61,190.470
99.93,94.44,95.23,197.468
99.55,93.84,95.05,204.465
99.96,94.62,96.27,211.421
99.55,94.36,95.57,218.467
100.00,95.14,96.53,225.557
99.81,95.31,96.53,232.509
100.00,95.14,97.14,239.414
99.93,94.27,96.27,246.535
99.26,93.75,94.62,253.585
99.96,95.75,97.05,253.585
