################ TRAINING REPORT #################
# Images path   | dataset\kylberg\training\
# Validation    | 0.30
# Height        | 64
# Width         | 64
# Architecure   | 2l_8f_16f_5x5_fc256
# Bacth Size    | 32
# Epochs        | 500
# Eval Criteria | 0.80
##################################################
train,validation,test,min,time
0.00,0.00,15.97,0.000
41.03,38.63,71.18,7.317,best
30.36,27.43,53.73,13.289
48.77,47.14,77.08,19.229,best
52.86,50.00,73.87,25.104,best
52.01,50.52,80.47,31.150,best
55.10,53.47,80.38,37.365,best
60.04,58.77,80.21,43.291,best
77.34,74.05,87.41,49.083,best
83.18,81.42,87.59,55.182,best
91.11,87.76,92.45,61.205,best
93.01,86.46,92.19,67.188
90.92,86.72,94.27,73.100
87.20,85.33,88.37,79.087
96.76,93.75,96.27,85.105,best
88.28,84.38,87.67,90.988
96.91,92.88,94.97,96.965
93.27,88.54,91.67,103.015
98.10,93.23,95.31,109.148
92.93,90.54,92.53,115.307
96.24,91.15,94.44,121.288
98.59,94.97,96.70,127.331,best
95.05,90.97,93.23,133.302
99.40,96.18,97.40,139.288,best
99.03,95.14,96.35,145.181
96.80,94.10,95.49,151.361
98.55,94.62,95.83,157.359
99.52,95.66,97.05,163.348
96.84,92.36,94.01,169.295
98.88,94.36,96.35,175.464
99.63,95.83,97.05,181.416
99.63,96.53,97.48,187.371,best
99.52,95.66,96.44,193.416
99.37,95.40,96.70,199.637
99.74,95.31,96.18,205.668
99.78,96.01,96.70,211.671
99.63,94.44,95.92,217.608
99.22,94.18,95.92,223.713
97.21,92.19,93.32,229.683
99.67,95.57,96.35,235.747
99.03,94.70,96.01,241.623
99.89,95.66,96.44,247.751
99.63,96.53,97.48,247.751
