################ TRAINING REPORT #################
# Images path   | dataset\parking\slots\slot1\
# Validation    | 0.30
# Height        | 64
# Width         | 64
# Architecure   | 2l_32f_5x5_fc512
# Bacth Size    | 32
# Epochs        | 500
# Eval Criteria | 0.80
##################################################
train,validation,time
0.00,0.00,0.00
99.94,87.05,5.53,best
100.00,88.92,9.84,best
100.00,87.18,14.10
100.00,88.65,18.38
100.00,90.52,22.61,best
100.00,90.79,27.09,best
100.00,88.79,31.26
100.00,90.65,35.44
100.00,85.05,39.63
100.00,88.38,43.82
99.94,88.79,48.08
100.00,89.05,52.19
100.00,88.79,56.40
100.00,87.58,60.58
100.00,89.05,64.73
100.00,91.32,68.85,best
100.00,88.92,73.02
100.00,88.12,77.17
100.00,90.39,81.38
100.00,90.92,85.56
100.00,87.05,89.79
100.00,88.12,93.96
100.00,88.65,98.02
100.00,86.78,102.22
100.00,87.05,106.39
100.00,86.92,110.59
100.00,88.65,114.87
100.00,91.32,114.87
