################ TRAINING REPORT #################
# Images path   | dataset\parking\slots\all\
# Validation    | 0.30
# Height        | 64
# Width         | 64
# Architecure   | 2l_32f_5x5_fc512
# Bacth Size    | 32
# Epochs        | 500
# Eval Criteria | 0.80
##################################################
train,validation,time
0.00,0.00,0.00
99.94,97.11,55.20,best
99.92,96.02,107.66
99.67,94.38,161.53
99.80,98.00,215.24,best
99.96,97.63,268.70
99.92,96.81,322.63
100.00,98.88,377.06,best
100.00,97.85,430.49
99.98,96.03,485.04
100.00,97.90,538.04
100.00,98.96,591.42,best
100.00,98.80,644.38
100.00,98.14,698.67
99.99,97.67,752.50
100.00,97.12,806.40
99.98,97.49,860.42
100.00,97.37,914.86
100.00,97.55,969.32
99.99,98.07,1024.19
99.91,96.35,1078.23
100.00,98.52,1132.49
99.96,97.69,1186.58
100.00,98.96,1186.58
