################ TRAINING REPORT #################
# Images path   | dataset\parking\slots\slot6\
# Validation    | 0.30
# Height        | 64
# Width         | 64
# Architecure   | 2l_32f_5x5_fc512
# Bacth Size    | 32
# Epochs        | 500
# Eval Criteria | 0.80
##################################################
train,validation,time
0.00,0.00,0.00
100.00,95.05,5.51,best
100.00,96.12,9.66,best
100.00,95.45,13.91
100.00,93.45,18.08
100.00,92.25,22.19
100.00,92.38,26.35
100.00,93.85,30.59
100.00,93.58,34.77
100.00,95.86,38.92
100.00,95.05,43.02
100.00,94.39,47.23
100.00,97.59,51.43,best
100.00,96.52,55.66
100.00,96.93,59.84
100.00,98.13,63.96,best
100.00,93.45,68.13
100.00,94.39,72.30
100.00,97.33,76.49
100.00,93.18,80.67
100.00,95.59,84.82
97.88,83.29,88.93
100.00,96.52,93.08
100.00,98.40,97.30,best
100.00,94.39,101.41
100.00,94.25,105.60
100.00,92.25,109.77
100.00,94.79,114.06
100.00,97.06,118.35
100.00,95.32,122.48
100.00,95.86,126.70
100.00,95.19,130.86
100.00,93.45,135.10
100.00,95.05,139.27
100.00,94.52,143.37
100.00,98.40,143.37
