################ TRAINING REPORT #################
# Images path   | dataset\parking\slots\all\
# Validation    | 0.30
# Height        | 64
# Width         | 64
# Architecure   | 2l_32f_5x5_fc512
# Bacth Size    | 32
# Epochs        | 500
# Eval Criteria | 0.80
##################################################
train,validation,time
0.00,0.00,0.00
99.88,94.84,54.40,best
99.58,97.56,108.65,best
98.13,92.82,162.39
99.58,95.90,216.33
99.81,96.82,270.74
100.00,97.21,324.17
99.99,97.95,378.40,best
99.96,97.08,431.11
100.00,98.53,485.23,best
100.00,98.01,538.87
99.56,97.16,592.63
100.00,98.39,646.28
99.98,98.18,699.54
100.00,97.05,754.06
99.79,97.38,807.04
99.98,98.03,860.36
99.83,98.55,913.74,best
99.98,98.62,966.44,best
99.70,98.04,1020.42
100.00,98.11,1074.71
99.57,96.39,1128.10
99.99,98.34,1182.72
99.99,98.34,1236.50
99.96,97.48,1289.94
99.97,98.86,1344.08,best
99.96,97.30,1397.24
99.99,98.54,1450.80
99.97,97.88,1503.17
99.98,98.18,1557.04
99.98,98.33,1610.27
99.96,98.24,1663.93
99.98,99.10,1717.78,best
99.98,99.10,1717.78
