train,validation,test,min,time
0.00,0.00,14.55,0.000
14.29,14.29,83.88,6.005,best
48.59,44.56,97.77,10.856,best
91.06,79.16,99.74,15.613,best
99.44,92.79,99.87,20.405,best
100.00,96.33,99.87,25.127,best
99.94,95.54,99.61,29.916
100.00,96.99,99.74,34.556,best
100.00,97.64,99.74,39.284,best
100.00,97.51,99.61,44.055
100.00,96.72,99.34,48.743
100.00,98.82,99.74,53.447,best
100.00,98.95,99.87,58.183,best
100.00,98.95,99.87,62.941
100.00,99.34,100.00,67.633,best
100.00,99.34,100.00,67.633
