################ TRAINING REPORT #################
# Images path   | ..\datasets\mnist\
# Validation    | 0.30
# Height        | 28
# Width         | 28
# Architecure   | mnist
# Bacth Size    | 32
# Epochs        | 500
# Eval Criteria | 0.80
##################################################
train,validation,test,min,time
0.00,0.00,8.60,0.000
19.36,18.54,55.10,116.802,best
38.17,38.07,67.84,230.426,best
41.97,42.56,70.67,346.868,best
57.65,58.32,78.58,467.094,best
59.76,61.49,80.99,580.670,best
54.75,55.08,79.20,700.077
54.21,55.23,80.61,845.773
46.83,47.33,75.65,971.413
65.62,66.35,85.96,1088.683,best
74.74,75.36,83.87,1205.511,best
79.63,81.31,89.88,1322.241,best
77.23,78.16,85.57,1495.726
73.05,74.30,82.79,1657.356
75.85,77.66,88.18,1863.425
79.29,80.72,87.94,1983.021
77.24,78.41,87.44,2098.628
71.33,72.38,86.60,2215.886
82.91,84.32,90.12,2332.098,best
74.35,75.13,88.69,2468.375
84.21,85.38,90.38,2597.258,best
72.08,73.44,88.18,2756.648
73.02,74.78,84.43,2908.998
84.18,85.14,90.05,3027.615
80.71,81.92,88.66,3144.463
73.97,74.77,88.16,3263.455
57.04,58.02,68.47,3382.739
76.54,77.07,82.63,3501.587
83.20,84.34,89.64,3619.170
82.06,82.72,89.09,3738.827
76.19,76.97,88.61,3856.582
84.21,85.38,90.38,3856.582
