################ TRAINING REPORT #################
# Images path   | ..\datasets\mnist\
# Validation    | 0.30
# Height        | 28
# Width         | 28
# Architecure   | mnist
# Bacth Size    | 1024
# Epochs        | 500
# Eval Criteria | 0.80
##################################################
train,validation,test,min,time
0.00,0.00,6.35,0.000
98.03,97.42,98.58,39.990,best
99.11,98.28,99.03,77.940,best
99.20,98.28,99.10,115.824
99.48,98.42,99.12,153.359,best
99.50,98.32,98.91,190.673
99.47,98.45,99.09,228.178,best
99.63,98.55,99.19,265.761,best
99.71,98.39,99.08,303.543
99.60,98.44,98.99,340.912
99.65,98.48,98.97,378.317
99.71,98.41,98.95,415.615
99.72,98.54,99.08,453.984
99.71,98.36,99.06,492.882
99.78,98.68,99.13,530.246,best
99.84,98.54,99.09,567.712
99.76,98.49,99.08,604.985
99.75,98.49,99.07,642.218
99.83,98.58,99.04,679.365
99.77,98.80,99.17,716.677,best
99.79,98.59,99.10,753.891
99.63,98.44,98.97,791.329
99.79,98.47,99.05,828.657
99.76,98.76,99.21,866.185
99.82,98.59,99.06,903.457
99.82,98.53,99.13,940.802
99.71,98.42,99.09,978.124
99.87,98.74,99.17,1015.502
99.63,98.42,99.09,1052.893
99.61,98.39,99.09,1090.200
99.77,98.80,99.17,1090.200
