################ TRAINING REPORT #################
# Images path   | ..\datasets\mnist\
# Validation    | 0.30
# Height        | 28
# Width         | 28
# Architecure   | mnist
# Bacth Size    | 128
# Epochs        | 500
# Eval Criteria | 0.80
##################################################
train,validation,test,min,time
0.00,0.00,15.16,0.000
94.77,94.91,97.22,59.168,best
94.99,95.15,97.24,116.852,best
94.55,94.65,96.80,174.298
93.66,94.39,96.77,231.510
94.40,94.30,96.91,289.289
94.38,94.97,97.44,346.586
94.81,95.18,97.10,403.476,best
94.12,94.55,97.03,460.778
92.41,92.71,95.73,517.668
92.61,93.37,96.03,574.707
93.26,93.70,96.25,632.622
91.31,91.61,95.52,690.095
92.43,92.63,95.85,747.763
90.02,90.57,94.98,804.762
91.07,91.45,95.03,861.935
93.70,94.09,96.70,918.666
93.29,93.95,96.39,973.936
94.81,95.18,97.10,973.936
