################ TRAINING REPORT #################
# Images path   | ..\datasets\mnist\
# Validation    | 0.30
# Height        | 28
# Width         | 28
# Architecure   | mnist
# Bacth Size    | 32
# Epochs        | 500
# Eval Criteria | 0.80
##################################################
train,validation,test,min,time
0.00,0.00,17.85,0.000
57.29,57.99,75.99,115.829,best
82.80,83.56,89.59,232.946,best
77.26,77.98,88.54,348.827
78.98,79.99,87.21,465.596
81.81,82.84,88.87,582.522
76.79,77.45,84.71,698.263
81.63,83.04,89.83,814.610
83.83,85.42,90.23,929.055,best
81.19,82.63,89.70,1044.580
83.59,84.72,90.34,1158.809
85.33,86.51,91.88,1273.291,best
83.99,85.04,91.64,1387.531
82.15,83.10,90.09,1504.202
63.86,64.85,76.26,1622.362
81.79,83.60,90.40,1737.657
82.57,83.86,90.72,1853.665
75.02,76.79,86.81,1969.888
85.42,86.53,90.95,2085.409,best
77.99,78.52,88.52,2201.926
84.87,85.36,90.15,2316.517
72.61,73.51,85.64,2430.271
84.64,85.88,90.41,2544.643
83.32,83.57,90.96,2658.341
82.00,83.14,89.66,2772.827
78.20,78.58,88.48,2886.843
86.54,87.55,91.72,3000.822,best
83.89,83.82,88.91,3115.019
76.89,77.50,86.09,3229.829
78.67,78.99,87.76,3344.335
82.25,82.78,90.20,3458.396
81.38,82.34,88.61,3573.258
81.15,82.39,89.22,3688.050
83.29,83.51,90.13,3802.299
76.99,78.28,85.59,3917.432
85.65,86.84,90.82,4032.525
68.42,69.03,83.91,4147.487
86.54,87.55,91.72,4147.487
