################ TRAINING REPORT #################
# Images path   | ..\datasets\cifar10\
# Validation    | 0.30
# Height        | 32
# Width         | 32
# Architecure   | cifar10
# Bacth Size    | 96
# Epochs        | 500
# Eval Criteria | 0.80
##################################################
train,validation,test,min,time
0.00,0.00,9.28,0.000
68.25,55.59,74.67,84.643,best
90.70,62.68,75.04,166.055,best
97.23,66.21,75.11,246.245,best
98.23,67.60,75.28,326.555,best
99.10,67.78,75.29,407.271,best
99.01,68.64,75.57,488.506,best
99.31,69.44,75.22,569.935,best
99.45,69.53,75.86,654.688,best
99.58,69.91,75.00,735.793,best
99.44,69.99,74.84,815.624,best
99.68,70.11,75.08,895.131,best
99.69,69.92,74.99,1006.187
99.67,69.45,74.73,1115.549
99.54,69.46,74.30,1214.266
99.87,71.15,75.49,1293.321,best
99.80,70.69,74.80,1372.222
99.89,71.17,75.35,1451.142,best
99.81,71.33,75.29,1530.882,best
99.91,71.32,75.08,1610.665
99.80,70.18,74.75,1689.063
99.86,71.31,75.51,1767.805
99.91,71.26,74.97,1844.859
99.92,71.87,75.51,1922.924,best
99.90,71.51,74.98,2002.755
99.89,71.61,75.60,2081.856
99.90,71.06,74.72,2161.219
99.89,70.49,74.61,2240.454
99.96,72.32,75.37,2320.404,best
99.89,71.96,75.18,2399.918
99.88,71.42,74.63,2481.723
99.95,72.20,75.04,2560.622
99.92,72.08,75.24,2641.166
99.94,71.88,74.85,2720.484
99.94,72.13,74.89,2799.465
99.94,72.42,75.25,2879.216,best
99.96,72.48,75.16,2958.914,best
99.92,72.60,74.98,3038.216,best
99.93,72.84,75.30,3117.851,best
99.95,72.41,74.99,3198.085
99.96,72.87,75.52,3277.852,best
99.94,72.63,75.00,3357.450
99.95,72.61,75.26,3437.854
99.92,72.11,74.68,3518.088
99.96,72.84,75.06,3598.317
99.93,73.10,75.63,3678.564,best
99.95,72.96,75.53,3760.228
99.93,72.75,75.05,3839.677
99.96,73.05,75.14,3920.375
99.93,72.93,75.27,3998.185
99.98,73.07,75.11,4078.289
99.94,72.58,74.77,4158.361
99.93,72.69,74.78,4238.324
99.98,73.16,75.31,4318.132,best
99.95,72.52,74.69,4398.151
99.95,73.15,75.23,4478.068
99.98,73.05,75.18,4558.228
99.95,72.83,74.73,4640.098
99.96,73.21,75.54,4719.881,best
99.98,73.51,75.27,4799.723,best
99.98,73.61,75.40,4880.056,best
99.90,73.06,75.19,4960.143
99.98,73.27,75.06,5039.730
99.94,73.34,75.15,5119.892
99.97,73.26,74.99,5198.792
99.96,73.24,75.10,5277.772
99.96,73.17,74.75,5357.388
99.95,73.13,74.80,5436.164
99.97,73.39,74.82,5515.849
99.97,73.57,75.08,5598.059
99.98,73.32,74.89,5685.132
99.98,73.61,75.40,5685.132
