################ TRAINING REPORT #################
# Images path   | ..\datasets\cifar10\
# Validation    | 0.30
# Height        | 32
# Width         | 32
# Architecure   | cifar10
# Bacth Size    | 128
# Epochs        | 500
# Eval Criteria | 0.80
##################################################
train,validation,test,min,time
0.00,0.00,10.75,0.000
64.71,53.30,74.05,75.819,best
89.76,62.87,75.15,149.813,best
96.55,65.33,74.86,223.813,best
98.40,66.21,74.84,297.409,best
98.39,67.02,74.64,371.294,best
99.52,68.55,75.57,445.148,best
99.23,68.23,74.62,519.066
99.68,69.37,74.94,592.923,best
99.65,69.34,75.20,666.514
99.75,68.59,74.82,738.890
99.61,69.01,74.28,811.220
99.70,69.62,74.72,883.505,best
99.77,69.63,74.84,955.653,best
99.78,69.51,75.03,1027.552
99.84,70.45,74.98,1099.582,best
99.90,70.41,74.83,1172.417
99.90,70.72,75.14,1244.563,best
99.92,70.34,75.20,1316.474
99.94,70.89,75.05,1389.558,best
99.93,71.07,75.39,1462.728,best
99.90,71.20,75.23,1536.181,best
99.87,70.50,74.82,1610.097
99.90,71.00,75.25,1683.071
99.86,70.23,74.72,1755.804
99.92,71.23,75.18,1828.085,best
99.64,71.37,74.94,1899.615,best
99.91,70.92,74.78,1971.930
99.94,71.37,75.12,2044.499
99.93,71.58,75.14,2117.246,best
99.87,71.58,75.10,2189.952
99.97,71.67,75.14,2267.139,best
99.87,71.44,74.80,2391.967
99.92,71.41,74.93,2486.858
99.97,71.73,75.37,2559.649,best
99.96,71.96,75.51,2559.649
