################ TRAINING REPORT #################
# Images path   | ..\datasets\cifar10\
# Validation    | 0.30
# Height        | 32
# Width         | 32
# Architecure   | cifar10
# Bacth Size    | 32
# Epochs        | 500
# Eval Criteria | 0.80
##################################################
train,validation,test,min,time
0.00,0.00,11.53,0.000
66.97,52.48,74.46,139.761,best
90.82,63.58,74.87,278.197,best
94.92,66.28,74.44,416.253,best
96.83,66.64,74.27,554.649,best
96.45,66.50,73.56,689.851
98.63,68.62,74.78,825.767,best
99.04,69.91,74.87,962.633,best
98.40,69.10,74.51,1101.193
99.07,69.91,74.60,1238.651
99.27,70.95,74.83,1376.303,best
99.51,70.61,74.43,1513.478
99.53,71.59,75.10,1651.390,best
99.51,71.24,74.62,1788.776
99.32,70.35,73.88,1927.001
99.74,71.44,74.81,2064.875
99.79,72.13,74.79,2202.773,best
99.77,71.89,74.48,2339.194
99.66,71.21,74.29,2477.960
99.66,71.77,74.89,2616.683
99.83,71.87,74.80,2755.609
99.76,72.32,74.41,2894.604,best
99.80,72.19,74.29,3033.478
99.80,72.47,74.41,3172.848,best
99.59,72.06,74.19,3312.423
99.63,71.62,73.64,3448.999
99.80,72.47,74.41,3448.999
