################ TRAINING REPORT #################
# Images path   | ..\datasets\cifar10\
# Validation    | 0.30
# Height        | 32
# Width         | 32
# Architecure   | cifar10
# Bacth Size    | 32
# Epochs        | 500
# Eval Criteria | 0.80
##################################################
train,validation,time
0.00,0.00,0.00
69.98,55.39,145.53,best
89.76,62.37,287.37,best
96.56,67.65,428.80,best
97.37,66.84,572.43
98.17,68.36,714.02,best
98.43,70.02,856.21,best
99.03,69.70,998.95
98.62,68.07,1138.44
99.13,69.62,1278.94
99.22,70.14,1418.17,best
99.20,70.98,1556.65,best
99.33,70.99,1698.27,best
99.64,71.03,1837.27,best
99.69,71.11,1978.53,best
99.71,72.04,2119.14,best
99.71,71.51,2259.47
99.51,70.97,2400.50
99.66,71.36,2541.47
99.60,71.80,2682.59
99.48,71.10,2823.79
99.70,71.78,2966.97
99.80,72.57,3109.17,best
99.79,72.68,3250.12,best
99.74,71.84,3391.59
99.43,71.51,3532.59
99.79,73.01,3671.82,best
99.83,72.41,3813.72
99.83,73.88,3955.43,best
99.64,71.16,4096.79
99.81,72.88,4236.43
99.87,73.26,4379.03
99.78,73.32,4520.47
99.65,72.44,4662.85
99.78,73.22,4802.75
99.89,73.40,4942.96
99.83,73.20,5082.83
99.75,73.04,5222.52
99.80,73.56,5362.96
99.87,73.19,5503.16
99.83,73.88,5503.16
