################ TRAINING REPORT #################
# Images path   | ..\datasets\cifar10\
# Validation    | 0.30
# Height        | 32
# Width         | 32
# Architecure   | resnet
# Bacth Size    | 32
# Epochs        | 500
# Eval Criteria | 0.80
##################################################
train,validation,test,min,time
3.33,3.53,10.00,0.000,best
59.92,57.91,79.55,910.696,best
63.33,59.93,78.82,1795.202,best
70.30,66.50,84.01,2683.420,best
71.90,67.87,84.78,3560.027,best
91.03,82.41,90.43,4448.223,best
94.40,84.33,90.65,5353.268,best
96.17,85.12,90.77,6242.911,best
97.09,85.45,90.58,7135.488,best
99.11,86.54,91.07,8023.628,best
99.54,86.78,91.13,8906.269,best
99.71,87.30,91.12,9784.671,best
99.75,87.21,91.09,10654.212
99.79,87.37,91.20,11525.580,best
99.81,87.43,91.21,12393.448,best
99.83,87.20,91.28,13271.248
99.85,87.50,91.14,14141.839,best
99.86,87.47,91.14,15014.991
99.88,87.46,91.28,15900.158
99.85,87.50,91.15,16776.947
99.87,87.41,91.24,17682.231
99.87,87.60,91.25,18560.222,best
99.88,87.47,91.29,19432.214
99.85,87.41,91.28,20335.435
99.88,87.47,91.17,21240.981
99.85,87.46,91.15,22161.119
99.88,87.40,91.25,23090.369
99.86,87.47,91.21,24006.140
99.84,87.37,91.24,24919.297
99.88,87.46,91.19,25813.281
99.86,87.57,91.26,26708.554
