################ TRAINING REPORT #################
# Images path   | ..\datasets\cifar10\
# Validation    | 0.30
# Height        | 32
# Width         | 32
# Architecure   | cifar10
# Bacth Size    | 32
# Epochs        | 500
# Eval Criteria | 0.80
##################################################
train,validation,time
0.00,0.00,0.00
71.60,56.30,141.49,best
90.06,63.29,284.88,best
96.59,65.98,423.69,best
97.64,67.48,563.10,best
98.17,67.57,704.57,best
98.57,67.88,844.19,best
98.47,66.87,987.17
98.48,67.55,1127.28
99.23,68.71,1268.78,best
99.53,70.41,1409.05,best
99.46,70.37,1550.61
99.69,70.73,1690.73,best
99.44,70.36,1832.11
99.68,70.73,1972.24
99.54,70.38,2112.31
99.65,71.22,2253.44,best
99.57,70.73,2393.76
99.79,70.93,2533.32
99.59,70.65,2674.71
99.69,71.33,2818.92,best
99.65,70.90,2962.78
99.71,71.49,3103.73,best
99.63,70.78,3247.07
99.57,70.31,3387.75
99.74,71.57,3529.47,best
99.61,71.24,3671.90
99.76,72.16,3813.47,best
99.78,71.37,3954.73
99.79,72.47,4094.72,best
99.58,71.65,4238.31
99.87,72.97,4381.88,best
99.74,72.43,4522.43
99.75,72.15,4663.79
99.81,72.76,4804.26
99.88,73.30,4945.60,best
99.72,73.15,5085.48
99.83,72.84,5225.41
99.92,73.05,5367.17
99.87,72.65,5510.13
99.88,73.07,5653.27
99.78,73.34,5793.70,best
99.80,72.77,5934.02
99.84,73.35,6074.11,best
99.75,73.67,6213.97,best
99.84,73.83,6354.83,best
99.75,73.72,6497.41
99.82,74.00,6639.54,best
99.65,73.95,6781.05
99.79,74.34,6922.96,best
99.69,73.46,7068.16
99.51,74.22,7209.04
99.43,74.54,7350.65,best
99.09,74.29,7491.02
99.02,73.93,7631.70
98.44,73.21,7774.88
98.90,74.22,7918.17
97.84,73.38,8058.17
97.26,73.28,8198.36
97.55,73.28,8339.03
94.87,71.09,8479.64
96.78,73.44,8620.50
94.15,71.37,8762.96
94.75,73.14,8903.72
99.43,74.54,8903.72
