################ TRAINING REPORT #################
# Images path   | ..\datasets\cifar10\
# Validation    | 0.30
# Height        | 32
# Width         | 32
# Architecure   | cifar10
# Bacth Size    | 256
# Epochs        | 500
# Eval Criteria | 0.80
##################################################
train,validation,test,min,time
0.00,0.00,12.50,0.000
57.99,49.02,73.63,67.878,best
85.09,60.76,74.81,133.249,best
96.26,64.65,75.42,198.153,best
98.08,65.43,74.68,263.557,best
99.19,66.91,75.16,328.952,best
99.14,65.86,74.11,393.019
99.17,66.57,75.03,460.038
99.61,68.14,75.19,524.056,best
99.49,66.67,74.76,589.777
99.70,68.53,74.88,655.324,best
99.69,68.42,75.02,720.760
99.71,67.68,74.58,787.570
99.85,68.41,75.27,853.362
99.77,68.37,74.77,918.899
99.81,68.83,75.16,984.589,best
99.92,68.50,75.11,1048.962
99.89,68.69,74.87,1112.410
99.91,69.58,75.23,1178.557,best
99.88,68.70,74.91,1243.223
99.87,69.13,74.92,1306.134
99.79,69.08,75.01,1371.149
99.92,69.52,75.49,1434.297
99.92,69.53,75.22,1496.110
99.93,69.67,75.08,1558.964,best
99.93,69.74,75.04,1621.288,best
99.87,70.06,75.10,1683.497,best
99.94,69.89,75.45,1747.725
99.85,68.99,74.88,1812.880
99.92,69.51,75.16,1877.056
99.91,70.66,75.26,1941.021,best
99.94,70.17,75.51,2005.272
99.93,69.86,75.00,2071.301
99.94,70.55,75.21,2136.277
99.98,70.73,75.82,2201.331,best
99.95,70.30,75.03,2266.211
99.89,69.94,75.06,2329.158
99.97,70.48,75.56,2394.125
99.97,70.14,75.20,2457.744
99.95,70.06,75.10,2522.598
99.96,70.39,75.17,2586.770
99.97,70.48,75.34,2651.165
99.94,70.35,75.30,2714.192
99.95,71.23,75.80,2778.178,best
99.92,70.25,75.15,2841.332
99.95,70.22,75.09,2907.469
99.97,71.25,76.13,2970.274,best
99.94,70.44,75.09,3032.755
99.95,70.62,75.40,3095.663
99.96,71.22,75.38,3159.728
99.98,71.46,75.83,3222.687,best
99.96,71.21,75.62,3289.102
99.96,70.77,75.45,3353.322
99.96,70.75,75.01,3417.945
99.96,71.37,75.59,3481.668
99.96,71.06,75.06,3545.444
99.97,70.90,75.37,3611.941
99.97,71.18,75.35,3676.790
99.97,71.25,75.63,3741.372
99.96,70.95,75.67,3805.424
99.98,70.76,74.78,3870.241
99.98,71.46,75.83,3870.241
