################ TRAINING REPORT #################
# Images path   | ..\datasets\cifar10\
# Validation    | 0.30
# Height        | 32
# Width         | 32
# Architecure   | cifar10
# Bacth Size    | 256
# Epochs        | 500
# Eval Criteria | 0.80
##################################################
train,validation,test,min,time
0.00,0.00,9.76,0.000
55.22,46.61,72.60,66.386,best
85.75,60.93,74.63,131.925,best
94.44,62.88,74.44,197.084,best
98.01,64.72,74.46,261.498,best
98.94,65.98,75.20,326.866,best
99.08,66.00,74.33,390.596,best
99.04,66.67,74.19,456.105,best
99.50,66.18,74.05,520.500
99.63,67.31,74.39,585.310,best
99.66,66.96,73.91,650.133
99.83,67.60,74.68,716.840,best
99.77,68.28,74.73,781.511,best
99.77,67.89,74.40,846.745
99.49,66.65,74.14,911.339
99.83,68.63,74.61,978.515,best
99.82,68.47,74.57,1043.420
99.82,68.32,74.36,1108.469
99.87,69.00,74.64,1172.571,best
99.88,68.54,74.36,1235.376
99.88,69.18,74.70,1299.740,best
99.77,68.82,74.55,1365.376
99.92,69.59,74.75,1431.129,best
99.91,69.40,74.97,1496.156
99.91,69.48,74.73,1560.025
99.90,69.28,74.33,1624.815
99.89,69.47,74.87,1688.477
99.94,69.93,74.66,1754.173,best
99.95,69.72,74.82,1817.322
99.93,69.52,74.40,1881.913
99.90,69.94,74.99,1948.945,best
99.93,69.13,74.76,2013.233
99.90,69.81,74.62,2078.056
99.94,70.48,75.08,2141.470,best
99.94,70.36,75.07,2206.761
99.95,70.50,75.27,2269.426,best
99.92,69.37,74.14,2331.828
99.97,70.47,75.26,2393.828
99.98,70.63,75.14,2455.794,best
99.95,70.22,74.88,2518.450
99.97,70.81,75.00,2518.450
