train,validation,time
0.00,0.00,0.00
0.00,0.00,4.53
0.00,0.00,7.90
0.06,0.00,11.43
23.57,22.28,14.86,best
29.25,27.13,18.46,best
39.99,38.14,21.93,best
46.40,45.22,25.30,best
58.66,54.91,28.78,best
64.29,61.73,32.31,best
67.89,64.74,35.67,best
69.52,66.97,39.14,best
70.42,67.89,42.70,best
72.83,69.59,46.07,best
77.62,72.61,49.40,best
81.27,73.92,52.74,best
86.90,76.41,56.09,best
90.66,79.03,59.44,best
93.19,81.78,63.00,best
96.23,84.14,66.33,best
97.02,85.85,70.18,best
98.71,87.16,73.87,best
99.10,88.47,77.23,best
99.61,91.35,80.61,best
99.89,92.01,84.20,best
100.00,92.79,87.55,best
100.00,93.32,90.94,best
100.00,94.50,94.51,best
100.00,94.63,97.91,best
100.00,95.15,101.33,best
100.00,95.28,105.17,best
100.00,96.07,108.75,best
100.00,96.33,112.13,best
100.00,94.76,115.68
100.00,96.46,119.11,best
100.00,95.67,122.62
100.00,96.33,126.14
100.00,95.94,129.58
100.00,95.94,132.93
100.00,96.72,136.39,best
100.00,96.59,139.81
100.00,97.25,143.40,best
100.00,97.64,146.82,best
100.00,97.90,150.25,best
100.00,98.30,153.65,best
100.00,97.90,157.37
100.00,97.64,160.78
100.00,98.17,164.22
100.00,98.82,167.67,best
100.00,97.90,171.06
100.00,97.90,174.45
100.00,97.51,177.84
100.00,96.85,181.29
100.00,97.64,184.73
100.00,98.69,188.17
100.00,97.12,191.68
100.00,97.90,195.26
100.00,97.90,198.91
100.00,97.90,202.43
100.00,98.43,205.93
100.00,98.82,205.93
