################ TRAINING REPORT #################
# Images path   | dataset\parking\slots\slot3\
# Validation    | 0.30
# Height        | 64
# Width         | 64
# Architecure   | 3l_16f_32f_32f_5x5_fc512
# Bacth Size    | 32
# Epochs        | 500
# Eval Criteria | 0.80
##################################################
train,validation,time
0.00,0.00,0.00
100.00,95.05,6.19,best
100.00,91.71,11.43
100.00,92.65,15.99
100.00,95.32,20.59,best
100.00,95.32,25.48
100.00,92.65,30.13
100.00,93.98,34.73
100.00,94.52,39.69
100.00,94.52,44.66
100.00,95.19,49.18
100.00,93.98,53.67
100.00,93.18,58.20
100.00,96.66,62.93,best
100.00,94.39,67.59
100.00,93.45,72.11
100.00,95.19,76.83
100.00,93.58,81.31
100.00,91.31,86.03
100.00,93.85,90.94
100.00,97.06,95.56,best
100.00,94.12,100.30
100.00,93.98,105.21
100.00,93.18,109.77
100.00,91.98,114.26
100.00,93.05,118.77
100.00,88.90,123.37
100.00,91.84,127.97
100.00,91.98,133.01
100.00,92.11,137.50
100.00,89.17,142.07
100.00,87.43,146.58
100.00,97.06,146.58
