################ TRAINING REPORT #################
# Images path   | dataset\parking\slots\slot6\
# Validation    | 0.30
# Height        | 64
# Width         | 64
# Architecure   | 3l_16f_32f_32f_5x5_fc512
# Bacth Size    | 32
# Epochs        | 500
# Eval Criteria | 0.80
##################################################
train,validation,time
0.00,0.00,0.00
99.89,96.39,6.22,best
100.00,95.86,10.70
99.94,96.66,15.29,best
100.00,95.59,19.85
100.00,94.52,24.48
100.00,94.39,29.13
100.00,94.92,33.78
100.00,95.86,38.36
100.00,94.92,43.12
100.00,94.92,47.69
100.00,94.79,52.34
100.00,97.46,57.15,best
100.00,98.13,61.88,best
100.00,95.86,66.47
100.00,94.92,71.19
100.00,95.86,75.75
100.00,95.45,80.42
100.00,94.79,85.01
100.00,95.59,89.63
100.00,95.19,94.08
100.00,95.59,98.60
100.00,95.59,103.28
100.00,96.12,107.90
100.00,93.72,112.68
100.00,98.13,112.68
