################ TRAINING REPORT #################
# Images path   | dataset\parking\slots\slot6\
# Validation    | 0.30
# Height        | 64
# Width         | 64
# Architecure   | 3l_16f_32f_32f_5x5_fc512
# Bacth Size    | 32
# Epochs        | 500
# Eval Criteria | 0.80
##################################################
train,validation,time
0.00,0.00,0.00
100.00,94.39,6.12,best
100.00,94.25,10.73
100.00,94.25,15.23
100.00,94.92,19.72,best
100.00,95.45,24.22,best
100.00,95.99,28.85,best
100.00,95.72,33.42
100.00,90.91,37.97
100.00,91.84,42.56
100.00,94.12,47.45
100.00,96.93,51.97,best
100.00,96.12,56.49
100.00,92.91,61.00
100.00,90.51,65.55
100.00,94.92,70.07
100.00,93.98,74.54
100.00,94.92,78.93
100.00,94.52,83.53
100.00,96.12,88.10
100.00,97.06,93.04,best
100.00,93.58,97.89
100.00,93.98,102.29
100.00,96.39,106.75
100.00,92.11,111.28
100.00,96.12,115.68
100.00,97.06,120.29
100.00,98.13,125.09,best
100.00,97.46,129.60
100.00,96.26,134.41
100.00,98.26,139.01,best
100.00,98.93,143.60,best
100.00,97.73,148.17
100.00,98.26,152.83
100.00,98.13,157.62
100.00,97.99,162.22
100.00,90.91,166.78
100.00,90.78,171.25
100.00,94.25,175.69
100.00,96.52,180.23
100.00,98.26,184.83
100.00,98.13,189.27
100.00,97.19,193.83
100.00,98.93,193.83
