################ TRAINING REPORT #################
# Images path   | ./dataset/digits/digits_v7/training/
# Validation    | 0.30
# Images size   | (64,64)
# Architecure   | mnist
# Bacth Size    | 512
# Snap/Epoch    | 5
# Max epochs    | 500
# Eval Criteria | 0.75
##################################################
train,trainNC,val,valNC,test,testNC,time,new_best
0.00,9.82,0.00,13.55,0.00,10.26,0.00,False
0.00,7.63,0.00,7.65,0.00,7.76,31.13,False
2.54,44.94,0.55,49.07,1.63,47.68,58.25,True
7.66,70.53,3.99,69.54,5.88,64.08,87.11,True
30.16,77.81,31.01,69.37,32.92,74.34,115.61,True
55.72,80.68,53.70,78.12,52.57,78.60,143.78,True
73.47,89.20,69.67,81.52,65.83,81.73,171.76,True
85.84,97.08,75.19,86.66,72.72,91.99,199.62,True
78.80,94.89,70.14,86.92,65.46,85.23,228.25,False
89.51,97.63,77.10,89.04,81.60,90.36,256.13,True
94.45,99.38,85.98,92.82,83.35,90.36,285.64,True
95.18,99.67,84.07,91.38,88.24,90.74,314.38,True
96.33,99.80,86.15,93.25,83.85,88.99,342.55,True
95.27,98.72,84.15,90.82,78.10,87.86,370.28,False
98.05,99.38,91.21,94.39,87.61,87.98,399.37,True
99.20,99.87,84.32,92.01,84.48,90.61,427.65,False
99.80,99.87,90.87,94.52,91.86,92.62,454.72,True
99.73,99.89,90.23,93.97,90.49,93.24,484.18,False
99.73,99.87,91.55,94.56,86.11,90.86,513.90,True
99.73,99.93,90.91,95.07,92.24,92.62,542.33,True
99.87,99.87,92.35,94.14,89.36,89.99,570.86,True
99.47,99.67,89.72,94.69,87.86,91.61,598.92,False
99.87,99.87,88.74,93.54,85.23,91.49,627.76,False
99.87,99.93,87.94,93.63,89.61,93.24,656.16,False
99.82,99.89,89.21,93.93,85.36,91.74,684.43,False
99.87,99.89,88.11,92.78,87.61,91.36,712.13,False
99.87,99.95,89.21,92.61,88.24,91.61,739.96,False
99.87,99.95,87.51,91.55,92.12,93.12,767.83,False
99.87,99.95,88.06,92.78,87.86,94.12,795.27,False
99.87,99.93,90.78,94.73,90.86,96.37,822.41,False
99.87,99.95,90.14,95.07,93.37,96.12,849.78,True
99.87,99.95,90.57,95.03,87.48,90.86,877.09,False
99.87,99.95,92.69,95.62,88.24,90.86,904.35,True
99.87,99.95,90.53,95.45,87.98,93.49,932.59,False
99.87,99.95,88.57,94.86,91.99,93.49,960.88,False
99.87,99.95,87.81,93.29,89.74,93.37,988.87,False
99.87,99.95,88.74,95.67,86.98,90.86,1017.81,False
99.89,99.95,93.16,95.62,92.87,93.49,1046.53,True
99.87,99.95,90.36,94.27,87.36,90.74,1075.53,False
99.87,99.95,90.53,94.35,89.99,93.49,1103.63,False
99.87,100.00,90.06,94.94,89.86,90.86,1132.27,False
99.87,100.00,92.23,94.69,88.49,93.49,1160.12,False
99.87,100.00,90.70,94.94,89.74,93.49,1188.78,False
99.93,100.00,92.69,94.56,88.61,90.86,1216.72,False
99.87,99.95,91.50,94.69,92.99,93.49,1243.29,False
99.87,100.00,91.12,95.16,90.61,94.37,1271.57,False
99.87,99.95,92.23,95.50,92.74,93.49,1300.79,False
99.89,99.95,90.87,95.67,92.74,93.49,1329.43,False
99.82,99.98,89.59,95.20,87.48,96.12,1358.30,False
99.95,100.00,92.78,95.16,92.99,93.49,1386.99,False
99.89,99.95,93.16,95.62,92.87,93.49,1415.24,True
99.89,99.95,92.44,95.67,89.74,93.49,1444.74,False
99.89,99.95,92.99,95.33,90.49,93.49,1473.50,False
99.89,99.95,91.76,94.82,90.11,90.86,1502.85,False
99.89,100.00,90.95,94.01,92.37,95.87,1531.01,False
99.95,100.00,91.29,95.67,92.37,93.49,1559.45,False
100.00,100.00,90.14,94.99,91.61,93.49,1588.28,False
99.93,100.00,91.42,94.60,91.86,93.49,1616.56,False
99.95,100.00,92.48,95.16,90.49,93.49,1644.95,False
99.93,100.00,91.29,95.11,89.99,90.86,1674.36,False
99.95,100.00,90.57,94.48,92.37,93.24,1702.46,False
99.95,100.00,92.23,95.67,90.49,93.49,1731.72,False
99.95,100.00,91.80,95.67,89.61,93.49,1760.76,False
99.95,100.00,91.84,94.77,92.62,93.37,1790.35,False
100.00,100.00,91.33,95.16,92.49,93.49,1818.94,False
100.00,100.00,90.82,94.69,92.24,93.24,1847.71,False
100.00,100.00,91.93,94.86,85.61,90.61,1876.93,False
100.00,100.00,92.31,95.67,90.24,90.86,1906.16,False
100.00,100.00,93.08,94.44,90.49,93.24,1934.16,False
100.00,100.00,92.86,94.86,87.98,90.61,1963.31,False
100.00,100.00,92.44,94.86,91.36,91.49,1990.78,False
100.00,100.00,92.44,95.24,90.49,93.49,2019.13,False
100.00,100.00,93.03,94.86,90.36,93.24,2047.54,False
100.00,100.00,93.59,94.82,90.61,92.49,2076.64,True
100.00,100.00,92.10,94.44,92.37,93.24,2104.45,False
100.00,100.00,92.27,94.27,92.74,93.24,2132.63,False
100.00,100.00,92.52,94.52,92.74,93.24,2160.83,False
100.00,100.00,90.57,94.86,88.24,93.24,2188.88,False
100.00,100.00,91.76,94.44,88.74,93.24,2217.04,False
100.00,100.00,91.63,94.90,88.49,93.49,2244.94,False
100.00,100.00,92.78,94.90,93.37,93.49,2273.94,False
100.00,100.00,91.76,92.86,89.99,90.11,2302.34,False
100.00,100.00,92.23,95.33,90.49,93.37,2329.85,False
100.00,100.00,92.14,95.03,89.99,93.24,2357.54,False
100.00,100.00,94.01,94.56,88.99,93.49,2384.95,True
100.00,100.00,94.35,95.24,93.37,93.49,2413.72,True
100.00,100.00,93.93,94.44,89.99,90.86,2441.84,False
100.00,100.00,93.54,94.22,88.86,93.24,2469.62,False
100.00,100.00,92.69,95.24,90.61,90.86,2497.60,False
100.00,100.00,92.78,95.03,88.74,93.24,2527.39,False
100.00,100.00,90.74,95.50,85.36,89.11,2555.12,False
100.00,100.00,94.05,95.67,88.99,96.12,2582.76,False
100.00,100.00,92.18,94.14,85.23,93.37,2611.27,False
100.00,100.00,92.27,95.50,92.87,93.49,2640.12,False
100.00,100.00,92.86,93.42,90.99,92.74,2669.19,False
100.00,100.00,92.82,94.48,90.36,93.24,2697.73,False
100.00,100.00,91.72,93.67,89.86,93.12,2726.32,False
100.00,100.00,93.12,95.07,90.61,93.24,2754.39,False
100.00,100.00,93.84,95.28,88.24,90.86,2782.33,False
100.00,100.00,93.42,95.79,90.36,93.49,2810.05,False
100.00,100.00,94.35,95.24,93.37,93.49,2837.47,False
