train,validation,time
0.00,0.00,0.00
11.59,10.62,6.05,best
33.07,31.85,10.96,best
60.12,59.90,16.06,best
75.93,70.77,20.92,best
95.22,83.75,25.89,best
99.10,90.17,31.00,best
99.89,95.41,35.99,best
99.94,96.72,41.06,best
100.00,96.99,46.04,best
99.94,96.07,51.18
100.00,95.81,56.17
100.00,96.33,61.22
100.00,96.85,66.05
100.00,96.59,71.13
100.00,97.90,76.22,best
100.00,98.43,81.49,best
100.00,97.12,86.51
100.00,96.72,91.46
100.00,97.25,96.41
100.00,98.30,101.46
100.00,97.51,106.36
100.00,98.17,111.43
100.00,97.12,116.54
100.00,97.51,121.48
100.00,98.30,126.62
100.00,99.21,131.69,best
100.00,99.21,131.69
