train,validation,time
0.00,0.00,0.00
14.29,14.29,6.16,best
49.27,45.87,11.44,best
89.15,74.84,16.54,best
98.71,87.81,21.51,best
99.66,94.10,26.62,best
99.83,94.50,31.53,best
100.00,94.23,36.65
100.00,94.10,41.57
99.89,95.54,46.43,best
100.00,96.20,51.19,best
100.00,96.33,55.98,best
100.00,96.85,60.97,best
100.00,95.54,65.72
100.00,95.81,70.52
100.00,98.43,75.39,best
100.00,96.72,80.40
100.00,96.85,85.19
100.00,98.03,90.03
100.00,98.69,95.05,best
100.00,98.69,100.01
100.00,98.56,104.99
100.00,96.99,110.06
100.00,97.51,114.91
100.00,97.77,119.81
100.00,97.51,124.73
100.00,98.03,129.69
100.00,97.90,134.88
100.00,97.77,139.95
100.00,98.69,144.77
100.00,97.64,150.13
100.00,98.69,150.13
