train,validation,time
0.00,0.00,0.00
14.40,14.42,5.99,best
58.16,56.88,10.93,best
81.44,75.23,15.83,best
99.10,89.12,20.78,best
100.00,92.40,25.69,best
100.00,95.67,30.37,best
100.00,93.32,35.20
100.00,97.25,40.04,best
100.00,95.41,45.00
100.00,95.41,49.77
100.00,97.90,54.86,best
100.00,96.46,59.63
100.00,97.77,64.63
100.00,97.25,69.60
100.00,98.69,74.49,best
100.00,98.17,79.36
100.00,97.51,84.37
100.00,98.03,89.40
100.00,97.51,94.25
100.00,98.69,99.39
100.00,98.17,104.46
100.00,96.85,109.21
100.00,98.82,113.97,best
100.00,99.21,118.87,best
100.00,99.21,118.87
