################ TRAINING REPORT #################
# Images path   | .\dataset\signals\train\
# Validation    | 0.30
# Height        | 32
# Width         | 32
# Architecure   | 3l_8f_16f_16f_5x5_fc256
# Bacth Size    | 32
# Epochs        | 500
# Eval Criteria | 0.80
##################################################
train,validation,test,min,time
0.00,0.00,0.00,0.000
69.60,60.90,79.02,10.197,best
87.67,75.60,86.36,18.902,best
90.93,77.96,86.87,26.938,best
93.52,80.00,87.68,35.369,best
95.70,83.18,88.67,44.158,best
95.92,82.27,87.28,52.842
96.76,82.54,88.04,61.020
97.56,85.04,89.21,69.403,best
97.96,85.02,89.26,78.091
97.55,85.55,89.42,87.199,best
97.61,85.10,88.89,96.754
98.02,86.29,89.60,105.390,best
98.52,86.59,89.81,113.842,best
98.42,86.19,89.04,122.369
98.03,86.22,89.04,131.413
98.92,87.16,89.88,139.837,best
98.56,86.53,89.36,148.926
99.13,87.89,90.28,156.987,best
99.33,88.16,90.39,165.436,best
98.86,87.15,89.45,173.555
99.07,88.45,90.84,181.826,best
99.06,87.93,90.15,189.679
99.43,88.32,90.60,197.670
99.67,89.10,90.98,206.062,best
98.91,87.31,89.09,214.604
99.31,88.24,90.18,223.311
99.36,88.57,90.39,231.815
98.75,87.21,89.10,240.770
99.51,88.96,90.68,249.648
99.28,88.75,90.16,258.140
99.10,87.86,89.60,266.312
99.33,88.89,90.57,275.156
99.41,88.23,90.11,283.312
99.43,87.95,89.46,292.346
99.67,89.10,90.98,292.346
