################ TRAINING REPORT #################
# Images path   | .\dataset\signals\train\
# Validation    | 0.30
# Height        | 32
# Width         | 32
# Architecure   | cifar10
# Bacth Size    | 32
# Epochs        | 500
# Eval Criteria | 0.80
##################################################
train,validation,test,min,time
0.00,0.00,0.00,0.000
97.95,91.92,95.56,17.061,best
99.30,94.09,96.34,32.930,best
99.58,95.25,97.08,48.709,best
99.60,94.98,96.40,64.404
99.68,95.28,96.51,79.757,best
99.70,95.07,96.52,95.344
99.82,95.84,96.90,111.131,best
99.57,95.28,96.85,126.422
99.80,95.80,97.19,141.837
99.83,96.72,97.45,157.264,best
99.82,96.55,97.53,172.707
99.79,96.38,97.33,188.122
99.70,96.19,96.74,203.817
99.94,97.15,97.69,219.359,best
99.95,97.31,97.77,234.835,best
99.92,96.23,96.82,249.769
99.89,97.03,97.48,265.504
99.95,96.87,97.23,280.687
99.95,96.85,97.26,295.873
99.55,95.91,96.28,311.468
99.98,97.18,97.48,327.384
99.94,96.77,97.10,342.962
99.89,97.38,97.69,358.576,best
99.88,96.70,97.02,374.216
99.95,97.16,97.36,390.215
99.96,97.19,97.37,406.114
99.97,96.66,97.02,421.659
99.97,97.09,97.29,436.786
99.96,97.48,97.63,452.050,best
99.96,97.18,97.30,467.529
99.97,97.32,97.50,483.020
99.99,97.20,97.35,498.352
