train,validation,time
0.00,0.00,0.00
14.23,13.50,5.76,best
42.74,41.81,10.27,best
78.46,71.82,14.84,best
95.50,85.71,19.38,best
99.72,89.52,23.90,best
99.94,93.18,28.37,best
99.94,91.74,33.00
100.00,92.66,37.53
100.00,92.79,42.03
100.00,96.07,46.66,best
100.00,97.25,51.29,best
100.00,94.10,55.83
100.00,93.58,60.42
100.00,93.71,64.95
100.00,93.71,69.54
100.00,96.33,74.07
100.00,96.33,78.80
100.00,94.36,83.44
100.00,97.25,88.19
100.00,95.67,92.78
100.00,94.10,97.52
100.00,96.20,102.20
100.00,97.25,102.20
