################ TRAINING REPORT #################
# Images path   | dataset\parking\pklot\subset_of_mypklot\
# Validation    | 0.30
# Height        | 64
# Width         | 64
# Architecure   | cifar10
# Bacth Size    | 128
# Epochs        | 500
# Eval Criteria | 0.80
##################################################
train,validation,test,min,time
0.02,0.00,50.14,0.000
99.82,85.20,91.52,24.380,best
100.00,84.87,91.33,46.846
100.00,85.87,91.81,69.374,best
100.00,80.03,88.31,91.795
100.00,82.66,89.94,114.159
99.98,85.34,92.24,136.560
100.00,85.82,90.95,158.930
100.00,84.24,90.42,181.303
100.00,85.15,92.24,203.659
100.00,84.58,92.00,226.032
100.00,87.84,93.25,248.355,best
99.98,86.54,93.73,270.693
100.00,86.35,94.49,293.052
100.00,85.78,93.82,315.431
100.00,85.01,92.19,337.773
100.00,83.91,93.34,360.069
100.00,85.39,92.10,382.427
100.00,86.40,93.30,404.747
100.00,86.88,94.73,427.100
100.00,85.82,93.15,449.500
100.00,87.16,94.20,471.813
100.00,87.84,93.25,471.813
