################ TRAINING REPORT #################
# Images path   | dataset\parking\pklot\subset_of_mypklot\
# Validation    | 0.30
# Height        | 64
# Width         | 64
# Architecure   | cifar10
# Bacth Size    | 256
# Epochs        | 500
# Eval Criteria | 0.80
##################################################
train,validation,test,min,time
0.00,0.00,50.72,0.000
98.50,63.79,90.37,22.361,best
99.77,70.88,90.47,42.917,best
99.82,74.19,92.82,63.549,best
99.98,74.90,93.10,84.175,best
99.94,75.38,92.10,104.687,best
100.00,75.38,93.44,125.342
100.00,76.92,93.25,145.916,best
99.96,76.29,92.72,166.437
99.98,75.62,91.43,187.122
99.96,78.21,93.44,207.810,best
100.00,77.01,92.48,228.365
100.00,77.01,93.30,249.012
100.00,78.98,94.59,269.553,best
100.00,78.45,93.77,290.230
99.96,75.29,93.44,310.756
99.92,76.72,92.53,331.455
99.98,77.68,93.44,351.992
100.00,77.92,92.24,372.447
99.98,76.82,91.09,392.889
99.98,78.30,90.37,413.414
99.98,78.11,93.68,434.077
100.00,83.05,93.87,454.709,best
100.00,83.09,94.40,475.110,best
99.96,79.60,91.33,495.780
100.00,77.97,92.53,516.267
100.00,82.38,93.49,536.888
99.98,82.81,94.40,557.246
100.00,80.17,94.20,577.860
99.98,80.41,92.39,598.471
100.00,81.85,94.64,618.893
100.00,83.05,93.63,639.388
99.96,81.90,92.62,659.826
100.00,82.18,93.58,680.258
100.00,83.09,94.40,680.258
