################ TRAINING REPORT #################
# Images path   | dataset\parking\A\
# Validation    | 0.30
# Height        | 64
# Width         | 64
# Architecure   | cifar10
# Bacth Size    | 96
# Epochs        | 500
# Eval Criteria | 0.80
##################################################
train,validation,test,min,time
0.00,0.00,54.27,0.000
99.98,93.68,96.38,23.324,best
100.00,94.01,96.71,44.577,best
100.00,95.52,96.87,65.861,best
100.00,94.44,96.17,87.380
100.00,92.98,95.03,108.758
100.00,95.84,97.30,129.979,best
100.00,95.73,97.35,151.305
100.00,95.19,97.46,172.567
100.00,92.33,94.98,193.837
100.00,95.46,97.46,215.267
99.98,95.84,97.25,236.566
100.00,96.38,97.19,257.838,best
100.00,93.95,95.79,279.147
100.00,95.95,97.30,300.384
100.00,96.11,97.41,321.665
100.00,96.38,97.62,342.929
100.00,96.06,97.52,364.186
100.00,96.06,97.35,385.440
100.00,94.06,96.92,406.675
100.00,92.82,95.79,427.889
100.00,95.25,96.38,449.098
100.00,95.19,97.03,470.316
100.00,96.38,97.19,470.316
