################ TRAINING REPORT #################
# Images path   | dataset\parking\pklot\subset_of_mypklot\
# Validation    | 0.30
# Height        | 64
# Width         | 64
# Architecure   | 1l_8f_5x5_fc50
# Bacth Size    | 32
# Epochs        | 500
# Eval Criteria | 0.80
##################################################
train,validation,test,min,time
0.00,0.00,51.96,0.000
94.15,63.03,84.20,7.908,best
97.51,73.80,87.93,14.287,best
98.54,76.72,88.17,20.748,best
98.97,78.50,89.03,27.304,best
99.36,79.50,89.94,33.686,best
99.45,80.27,89.27,40.519,best
99.67,81.37,90.23,47.354,best
99.82,80.60,89.80,54.039
99.88,82.14,90.37,61.823,best
99.90,82.14,90.52,68.734
99.94,82.52,90.42,74.660,best
99.98,83.19,91.14,81.371,best
100.00,81.37,90.42,87.864
99.98,81.75,90.61,94.739
99.96,81.42,89.80,100.711
99.98,83.29,91.04,107.362,best
100.00,82.95,91.57,113.446
100.00,82.18,90.85,119.914
99.98,83.05,91.14,126.559
100.00,82.81,91.33,133.094
100.00,83.24,91.57,139.148
100.00,82.85,91.52,145.829
100.00,83.19,92.00,152.046
100.00,83.62,92.10,158.554,best
100.00,81.90,91.43,164.624
100.00,83.05,91.71,171.212
100.00,83.29,91.57,177.778
99.98,83.19,90.80,184.201
100.00,82.38,90.61,190.444
100.00,82.61,90.42,197.070
100.00,83.24,91.09,202.983
100.00,83.43,91.52,209.425
100.00,83.52,91.62,215.238
100.00,83.52,91.91,222.129
100.00,83.62,92.10,222.129
