################ TRAINING REPORT #################
# Images path   | dataset\parking\pklot\subset_of_mypklot\
# Validation    | 0.30
# Height        | 64
# Width         | 64
# Architecure   | cifar10_half
# Bacth Size    | 128
# Epochs        | 500
# Eval Criteria | 0.80
##################################################
train,validation,test,min,time
0.00,0.00,49.09,0.000
99.26,78.45,86.59,11.779,best
99.92,83.81,92.00,21.248,best
99.98,85.54,92.48,30.678,best
99.98,84.24,91.43,40.091
100.00,86.30,92.53,49.577,best
100.00,84.20,91.62,58.901
100.00,83.62,91.33,68.219
100.00,84.24,90.85,77.586
99.98,83.91,90.90,86.950
100.00,85.25,92.15,96.258
99.98,86.11,91.91,105.567
100.00,82.90,90.57,114.853
100.00,87.12,92.91,124.084,best
100.00,86.73,92.62,133.401
100.00,83.38,91.38,142.674
99.98,84.24,91.43,152.022
100.00,86.06,92.43,161.235
100.00,86.21,92.86,170.464
100.00,84.87,92.58,179.878
99.98,86.88,92.86,189.212
100.00,85.63,92.19,198.596
100.00,86.16,93.63,207.985
100.00,86.64,92.86,217.509
100.00,87.12,92.91,217.509
