################ TRAINING REPORT #################
# Images path   | dataset\parking\pklot\subset_of_mypklot\
# Validation    | 0.30
# Height        | 64
# Width         | 64
# Architecure   | mycifarv2
# Bacth Size    | 32
# Epochs        | 500
# Eval Criteria | 0.80
##################################################
train,validation,test,min,time
0.00,0.00,51.58,0.000
99.63,83.48,92.67,33.393,best
99.92,85.06,92.39,65.397,best
100.00,83.33,92.62,97.537
100.00,84.63,93.25,129.627
99.98,84.05,92.72,161.881
99.96,86.11,92.86,193.633,best
100.00,86.16,93.39,225.752,best
100.00,86.64,94.78,257.796,best
99.96,85.25,92.77,289.925
100.00,85.44,94.06,321.995
100.00,87.55,93.63,354.021,best
100.00,87.40,94.68,385.859
99.96,84.34,93.68,417.698
100.00,86.40,94.59,449.703
100.00,86.06,94.44,481.754
100.00,86.45,94.25,513.755
100.00,85.49,94.64,545.665
100.00,85.68,93.73,577.493
100.00,83.09,92.86,609.491
100.00,87.55,93.63,609.491
