train,validation,time
0.00,0.00,0.00
99.91,97.06,65.79,best
99.97,97.61,130.34,best
99.99,97.76,194.37,best
99.97,96.56,258.49
99.98,96.84,322.08
99.95,96.99,387.07
99.98,97.72,450.62
99.99,96.35,514.75
100.00,97.56,579.08
99.98,97.23,643.59
99.95,97.43,708.19
100.00,96.34,772.17
99.95,97.49,836.54
100.00,98.25,901.20,best
99.92,97.57,965.37
99.98,97.22,1029.16
100.00,96.78,1092.98
99.86,97.35,1157.67
100.00,97.65,1222.47
100.00,96.23,1286.38
99.96,97.26,1351.40
99.85,96.73,1416.18
99.89,97.06,1480.19
99.97,96.90,1544.52
100.00,96.66,1608.37
100.00,98.25,1608.37
