################ TRAINING REPORT #################
# Images path   | .\dataset\signals\train\
# Validation    | 0.30
# Images size   | (32,32)
# Architecure   | gtsd_2l
# Bacth Size    | 64
# Snap/Epoch    | 5
# Max epochs    | 1000
# Eval Criteria | 0.75
##################################################
train,trainNC,val,valNC,test,testNC,time,new_best
0.00,2.43,0.00,1.79,0.00,2.89,0.00,True
94.25,97.98,81.65,89.16,70.18,78.23,42.31,True
97.91,99.38,86.47,91.32,74.56,80.53,83.71,True
98.54,99.60,87.67,91.38,76.02,80.72,121.28,True
99.43,99.82,89.61,92.65,79.23,83.02,160.79,True
99.57,99.89,88.90,92.14,79.23,82.66,199.71,False
99.67,99.89,90.56,92.99,80.67,83.48,237.90,True
99.52,99.80,89.94,92.24,78.87,81.79,275.41,False
99.87,99.97,90.68,92.54,80.36,82.68,315.08,True
99.89,99.97,90.90,93.08,81.50,83.91,353.19,True
99.90,99.97,90.78,92.77,80.46,82.74,392.29,False
99.92,99.97,90.78,92.86,81.80,84.19,428.62,True
99.95,99.99,91.09,92.84,81.94,84.18,467.17,True
99.91,99.96,90.80,92.40,80.51,82.53,505.43,False
99.98,100.00,91.10,92.94,81.64,83.80,542.63,True
99.97,99.99,91.75,93.28,81.44,83.35,580.34,True
99.96,99.99,91.63,93.14,81.20,83.25,619.15,False
99.96,99.98,91.35,92.75,82.59,84.22,658.14,True
99.97,99.99,91.96,93.29,82.57,84.08,697.99,True
99.93,99.99,91.46,92.96,80.77,82.60,735.83,False
99.97,99.99,91.78,93.13,82.97,84.81,774.34,True
99.97,99.99,91.67,93.28,81.67,83.66,814.10,False
99.97,99.99,91.88,93.18,81.84,83.63,852.55,False
99.99,100.00,91.80,93.20,81.83,83.26,890.69,False
99.97,99.99,91.86,93.23,80.41,81.91,930.31,False
99.98,99.99,92.04,93.14,82.64,84.22,969.62,True
100.00,100.00,92.17,93.18,81.86,83.53,1009.61,True
99.96,99.98,91.71,92.81,81.45,83.01,1046.23,False
100.00,100.00,92.37,93.56,82.02,83.57,1084.97,True
99.99,100.00,91.61,93.02,82.48,84.08,1124.58,False
99.97,99.98,92.40,93.50,82.80,84.41,1162.92,True
99.99,99.99,92.09,93.38,82.13,83.57,1200.97,False
99.97,99.99,91.92,93.20,81.64,83.21,1241.10,False
99.99,100.00,91.86,93.06,81.63,82.98,1280.71,False
100.00,100.00,91.96,93.00,82.54,84.36,1321.60,False
99.98,100.00,91.97,93.10,82.81,84.19,1358.90,False
99.99,99.99,92.11,93.07,81.99,83.33,1398.52,False
99.98,99.99,92.13,93.21,83.07,84.35,1438.06,False
99.99,99.99,92.02,93.10,82.83,84.19,1476.07,False
99.98,99.99,91.82,92.93,80.90,82.26,1513.69,False
100.00,100.00,92.31,93.17,82.38,83.55,1553.05,False
99.98,99.99,92.70,93.76,82.69,84.05,1592.11,True
99.99,100.00,92.43,93.51,81.97,83.21,1632.25,False
99.94,99.96,92.03,93.06,82.01,83.16,1669.23,False
99.96,99.98,91.74,92.87,82.14,83.34,1709.15,False
99.98,100.00,92.47,93.34,81.97,83.27,1749.36,False
99.99,100.00,92.71,93.61,82.07,83.15,1786.88,True
99.96,99.98,92.04,92.89,83.01,84.19,1825.19,False
100.00,100.00,92.96,93.83,83.42,84.65,1864.71,True
99.99,100.00,92.60,93.47,83.37,84.48,1903.59,False
99.99,100.00,92.50,93.34,83.02,84.24,1943.79,False
99.99,99.99,92.48,93.58,82.27,83.48,1980.42,False
100.00,100.00,92.76,93.62,83.13,84.19,2019.36,False
100.00,100.00,92.41,93.35,82.74,83.89,2059.57,False
100.00,100.00,92.14,93.18,82.65,83.82,2097.81,False
99.99,99.99,92.29,93.34,82.33,83.38,2137.22,False
100.00,100.00,92.62,93.71,81.89,83.31,2176.27,False
100.00,100.00,92.98,93.72,82.70,83.84,2216.15,True
99.99,100.00,92.37,93.17,82.03,83.13,2255.71,False
99.99,100.00,93.22,94.13,83.11,84.07,2292.70,True
100.00,100.00,92.77,93.70,83.03,84.12,2332.76,False
100.00,100.00,93.22,94.15,82.45,83.64,2371.39,False
99.99,100.00,92.14,93.05,80.63,81.90,2410.06,False
99.99,100.00,92.64,93.44,82.14,83.16,2449.19,False
100.00,100.00,93.17,93.99,83.50,84.67,2488.65,False
99.99,100.00,92.60,93.69,82.91,84.11,2528.56,False
100.00,100.00,92.70,93.58,82.95,84.00,2568.26,False
100.00,100.00,92.99,93.78,82.51,83.46,2605.10,False
100.00,100.00,92.71,93.54,82.08,82.95,2644.38,False
99.99,100.00,92.71,93.65,81.99,83.01,2683.55,False
100.00,100.00,92.88,93.85,82.71,83.95,2721.74,False
100.00,100.00,93.32,94.09,82.54,83.68,2759.71,True
99.99,99.99,92.53,93.41,82.80,83.86,2799.32,False
100.00,100.00,93.04,93.79,82.46,83.51,2839.09,False
99.99,100.00,92.49,93.23,82.54,83.60,2878.00,False
100.00,100.00,92.70,93.47,82.82,83.68,2916.62,False
100.00,100.00,93.07,93.89,83.79,84.64,2955.54,False
100.00,100.00,92.70,93.39,82.22,83.32,2995.05,False
99.95,99.97,92.71,93.40,82.90,83.81,3033.08,False
100.00,100.00,93.02,93.71,82.59,83.54,3072.18,False
100.00,100.00,92.57,93.17,82.96,83.92,3111.51,False
100.00,100.00,92.70,93.62,82.39,83.51,3150.96,False
99.99,99.99,92.48,93.32,81.91,83.01,3190.75,False
100.00,100.00,93.08,93.73,83.55,84.59,3227.65,False
100.00,100.00,92.89,93.44,82.81,83.55,3267.65,False
100.00,100.00,93.15,93.76,82.19,83.00,3308.44,False
100.00,100.00,93.28,94.04,83.01,83.77,3347.35,False
100.00,100.00,93.15,93.71,82.93,83.86,3386.60,False
99.99,100.00,92.64,93.30,82.35,83.32,3427.12,False
100.00,100.00,92.85,93.58,83.21,84.12,3466.29,False
100.00,100.00,92.77,93.32,82.59,83.67,3505.66,False
100.00,100.00,93.27,93.87,82.93,83.96,3542.62,False
99.99,99.99,92.39,92.99,82.78,83.88,3581.67,False
100.00,100.00,92.59,93.10,81.75,82.70,3621.12,False
100.00,100.00,93.24,93.81,82.78,83.59,3659.42,False
100.00,100.00,92.68,93.41,82.24,83.13,3697.74,False
99.99,99.99,93.07,93.60,83.05,83.85,3737.02,False
100.00,100.00,92.64,93.26,82.06,82.87,3776.18,False
100.00,100.00,93.28,93.96,83.06,83.88,3815.53,False
100.00,100.00,92.35,93.15,82.06,82.97,3852.65,False
100.00,100.00,92.91,93.51,82.43,83.23,3891.58,False
100.00,100.00,93.01,93.68,83.57,84.41,3930.32,False
100.00,100.00,93.18,93.86,82.59,83.37,3968.78,False
100.00,100.00,93.44,94.02,82.48,83.38,4007.05,True
100.00,100.00,92.78,93.31,82.21,83.03,4046.40,False
100.00,100.00,93.31,93.84,82.90,83.68,4086.28,False
99.99,100.00,93.26,93.96,82.70,83.54,4126.37,False
100.00,100.00,93.21,93.70,82.22,82.97,4162.90,False
100.00,100.00,93.28,93.94,82.49,83.24,4202.82,False
100.00,100.00,93.18,93.82,81.95,82.70,4242.77,False
99.99,100.00,92.70,93.28,81.85,82.60,4281.13,False
100.00,100.00,93.27,93.82,83.25,83.97,4319.72,False
100.00,100.00,93.35,93.93,83.92,84.89,4359.37,True
100.00,100.00,93.13,93.79,82.73,83.60,4399.55,False
100.00,100.00,92.92,93.52,82.47,83.24,4439.66,False
100.00,100.00,93.18,93.70,83.60,84.39,4476.56,False
99.99,99.99,92.57,93.11,82.08,82.90,4516.96,False
99.99,100.00,92.85,93.35,82.74,83.45,4557.99,False
100.00,100.00,93.43,93.85,83.64,84.23,4597.44,False
99.99,100.00,92.92,93.46,82.19,82.84,4637.08,False
100.00,100.00,92.95,93.45,82.95,83.72,4677.86,False
100.00,100.00,93.34,93.90,83.01,83.76,4719.00,False
99.99,99.99,92.35,92.97,82.81,83.48,4761.46,False
99.99,100.00,92.90,93.45,82.92,83.60,4799.21,False
100.00,100.00,93.00,93.56,82.88,83.51,4839.72,False
100.00,100.00,93.20,93.84,82.31,83.08,4880.65,False
100.00,100.00,93.34,93.76,83.20,83.93,4919.93,False
100.00,100.00,92.55,93.06,82.72,83.41,4959.66,False
100.00,100.00,93.14,93.68,81.75,82.51,5000.00,False
100.00,100.00,93.40,93.96,82.78,83.40,5040.21,False
100.00,100.00,93.41,93.96,82.85,83.44,5082.03,False
100.00,100.00,92.84,93.21,81.73,82.36,5118.78,False
100.00,100.00,92.96,93.47,83.07,83.70,5158.93,False
100.00,100.00,92.85,93.38,82.46,83.25,5200.06,False
100.00,100.00,93.64,94.16,84.20,84.94,5249.70,True
100.00,100.00,93.21,93.73,83.58,84.11,5297.45,False
100.00,100.00,93.09,93.71,83.52,84.16,5349.10,False
100.00,100.00,92.82,93.38,83.69,84.31,5389.88,False
100.00,100.00,93.01,93.45,82.49,83.09,5435.00,False
100.00,100.00,93.44,93.81,83.04,83.71,5484.77,False
99.99,100.00,93.16,93.72,83.67,84.39,5536.73,False
100.00,100.00,93.39,93.96,83.24,83.86,5591.93,False
100.00,100.00,93.38,93.82,82.29,82.99,5643.02,False
99.99,100.00,93.49,93.88,83.78,84.38,5690.86,False
100.00,100.00,93.84,94.28,83.21,83.74,5745.69,True
99.99,100.00,92.99,93.52,83.20,83.96,5794.56,False
100.00,100.00,93.09,93.62,82.54,83.17,5842.19,False
100.00,100.00,93.58,93.96,83.26,83.85,5890.12,False
100.00,100.00,93.70,94.17,83.02,83.56,5936.05,False
100.00,100.00,93.22,93.82,82.49,83.18,5983.17,False
100.00,100.00,93.68,94.17,83.17,83.91,6032.47,False
100.00,100.00,93.36,93.84,82.20,82.80,6078.23,False
100.00,100.00,93.58,93.98,82.59,83.08,6124.69,False
100.00,100.00,93.63,94.01,83.47,83.86,6172.67,False
100.00,100.00,93.48,93.98,83.41,83.98,6221.04,False
100.00,100.00,93.44,93.90,83.64,84.19,6269.80,False
100.00,100.00,93.02,93.51,82.70,83.29,6316.38,False
99.99,100.00,92.82,93.30,82.96,83.51,6365.52,False
100.00,100.00,93.39,93.85,82.86,83.41,6410.60,False
100.00,100.00,93.27,93.71,82.62,83.33,6458.97,False
100.00,100.00,93.26,93.67,83.48,84.14,6499.75,False
100.00,100.00,93.14,93.49,83.02,83.65,6540.65,False
100.00,100.00,92.82,93.24,82.86,83.41,6593.29,False
100.00,100.00,93.32,93.76,83.14,83.72,6648.93,False
100.00,100.00,93.11,93.57,83.08,83.77,6703.45,False
100.00,100.00,93.11,93.47,83.51,84.04,6757.47,False
99.99,100.00,93.38,93.73,82.11,82.58,6807.86,False
100.00,100.00,93.26,93.66,83.27,83.76,6862.45,False
99.99,99.99,92.93,93.42,82.53,83.07,6916.15,False
100.00,100.00,93.26,93.73,83.08,83.65,6967.33,False
100.00,100.00,93.63,94.19,83.21,83.70,7008.63,False
100.00,100.00,93.64,94.00,81.77,82.25,7048.97,False
100.00,100.00,93.33,93.77,82.62,83.21,7094.82,False
100.00,100.00,93.44,93.85,83.28,83.95,7146.74,False
100.00,100.00,93.49,93.85,83.52,84.04,7198.76,False
100.00,100.00,93.58,93.94,82.46,83.03,7250.37,False
100.00,100.00,93.11,93.38,82.12,82.50,7306.94,False
100.00,100.00,93.40,93.79,83.63,84.23,7362.14,False
100.00,100.00,93.52,93.89,83.52,84.18,7416.76,False
100.00,100.00,93.56,93.90,82.87,83.39,7471.27,False
99.99,100.00,93.00,93.46,82.76,83.31,7520.54,False
100.00,100.00,93.36,93.70,83.10,83.65,7571.36,False
100.00,100.00,93.55,93.94,82.73,83.17,7622.63,False
100.00,100.00,93.47,93.75,83.33,83.84,7675.76,False
99.99,100.00,93.28,93.70,83.00,83.58,7729.42,False
99.98,99.99,93.19,93.59,82.15,82.73,7789.32,False
99.99,99.99,92.54,92.93,82.60,83.20,7839.36,False
100.00,100.00,93.39,93.77,82.50,83.07,7891.01,False
99.99,99.99,92.48,92.88,82.71,83.33,7942.28,False
100.00,100.00,93.84,94.28,83.21,83.74,7942.28,False
