train,validation,time
0.00,0.00,0.00
99.22,94.78,80.34,best
99.72,96.28,156.52,best
99.93,96.74,234.38,best
99.97,97.18,312.27,best
99.80,96.77,389.92
99.96,97.49,468.26,best
99.95,96.87,544.83
99.96,97.37,623.83
99.98,97.59,702.51,best
99.92,97.29,779.27
99.92,96.75,855.56
99.93,96.80,931.74
99.92,97.19,1012.45
99.91,97.18,1090.02
99.95,97.41,1167.76
99.75,96.58,1243.59
99.87,97.60,1322.21,best
99.70,96.80,1400.09
99.81,97.26,1476.63
99.69,96.57,1554.20
99.65,97.06,1629.46
99.89,97.60,1706.08
99.87,97.57,1784.17
99.79,97.08,1862.59
99.90,97.62,1941.76,best
99.86,97.54,2018.14
99.64,96.65,2097.32
99.60,96.41,2174.30
99.71,96.59,2252.78
99.84,96.74,2328.55
99.61,96.92,2404.91
99.88,97.30,2481.64
98.47,94.84,2560.06
99.75,96.79,2636.49
99.80,96.55,2713.04
99.59,96.68,2791.91
99.90,97.62,2791.91
