train,validation,time
0.00,0.00,0.00
99.26,94.87,78.21,best
99.84,96.34,155.94,best
99.89,96.47,233.99,best
99.95,97.25,310.91,best
99.98,97.19,389.10
99.98,96.74,468.31
99.93,97.49,545.55,best
99.97,97.59,622.70,best
99.99,97.42,700.30
99.93,96.89,776.93
99.95,97.19,853.87
99.90,97.73,932.77,best
99.88,97.25,1010.67
99.91,97.48,1088.94
99.93,97.39,1166.63
99.94,98.02,1246.47,best
99.85,96.51,1326.25
99.84,97.43,1405.12
99.74,97.58,1483.16
99.84,96.98,1561.18
99.32,95.84,1639.42
99.90,97.53,1717.53
99.85,96.91,1796.41
99.83,97.32,1875.69
99.88,96.89,1952.46
99.88,97.49,2032.73
99.95,97.52,2109.65
99.94,98.02,2109.65
