train,validation,time
0.00,0.00,0.00
99.53,95.23,82.29,best
99.45,95.26,161.71,best
99.85,97.11,238.94,best
99.81,97.14,316.17,best
99.98,97.33,392.65,best
99.94,97.49,468.78,best
99.97,96.87,544.78
99.94,96.95,622.01
99.89,96.75,699.58
99.98,97.66,778.04,best
99.95,97.42,854.81
99.28,96.12,935.51
99.83,97.14,1013.17
99.88,97.31,1093.83
99.92,97.62,1170.57
99.96,97.39,1248.31
99.92,97.99,1327.04,best
99.52,97.16,1403.94
99.95,97.32,1480.54
99.87,97.06,1559.98
99.93,97.50,1638.70
99.49,96.07,1717.39
99.92,97.78,1793.80
99.76,96.34,1873.21
99.85,97.61,1951.52
99.84,96.94,2029.84
99.65,96.45,2106.18
99.61,96.11,2184.03
99.92,97.99,2184.03
