train,validation,time
0.00,0.00,0.00
99.43,94.95,80.49,best
99.62,95.35,159.58,best
99.79,96.80,236.99,best
99.82,96.87,314.17,best
100.00,97.73,391.12,best
99.99,97.96,468.16,best
99.96,97.88,546.20
99.97,97.35,624.22
99.97,98.01,701.79,best
99.87,97.82,782.66
99.60,96.08,860.62
99.76,96.87,939.05
99.95,97.02,1015.99
99.91,97.00,1094.86
99.92,97.30,1173.03
99.93,97.39,1252.10
99.95,97.43,1330.85
99.50,95.85,1407.56
99.82,97.19,1486.71
99.70,96.54,1564.29
99.97,98.01,1564.29
