train,validation,time
0.00,0.00,0.00
99.72,95.62,78.88,best
99.74,95.60,157.48
99.51,95.52,234.48
99.85,96.68,311.93,best
99.94,96.51,390.00
99.91,96.40,467.88
99.94,97.08,544.95,best
99.95,97.36,621.07,best
99.95,97.41,698.78,best
99.98,97.68,778.70,best
99.96,96.49,855.61
99.96,97.63,933.32
99.96,97.55,1011.98
99.98,97.63,1091.11
99.95,97.79,1168.44,best
99.92,97.17,1245.96
99.96,97.52,1324.30
99.93,97.07,1403.41
99.75,97.35,1480.59
99.91,96.85,1559.13
99.78,96.21,1636.11
99.86,97.48,1714.44
99.90,97.22,1793.28
99.91,96.97,1871.84
99.89,96.58,1950.00
99.64,96.77,2027.90
99.95,97.79,2027.90
