Total:    16 | Class: 0 | [2,0,3,1,1,6,3] | Acc: 12.500 | Acc2: 0.000 | Time: 0.037
Total:    16 | Class: 1 | [1,4,1,0,2,7,1] | Acc: 25.000 | Acc2: 0.000 | Time: 0.030
Total:    16 | Class: 2 | [1,1,4,0,2,8,0] | Acc: 25.000 | Acc2: 0.000 | Time: 0.028
Total:    16 | Class: 3 | [1,2,2,1,2,8,0] | Acc: 6.250 | Acc2: 0.000 | Time: 0.028
Total:    16 | Class: 4 | [1,3,3,1,1,6,1] | Acc: 6.250 | Acc2: 0.000 | Time: 0.030
Total:    16 | Class: 5 | [0,4,3,3,1,5,0] | Acc: 31.250 | Acc2: 0.000 | Time: 0.036
Total:    16 | Class: 6 | [0,3,1,1,2,8,1] | Acc: 6.250 | Acc2: 0.000 | Time: 0.032
Total:    16 | Class: 0 | [16,0,0,0,0,0,0] | Acc: 100.000 | Acc2: 100.000 | Time: 0.031
Total:    16 | Class: 1 | [0,10,0,0,0,0,6] | Acc: 62.500 | Acc2: 0.000 | Time: 0.031
Total:    16 | Class: 2 | [7,0,0,0,9,0,0] | Acc: 0.000 | Acc2: 0.000 | Time: 0.031
Total:    16 | Class: 3 | [2,0,0,0,9,5,0] | Acc: 0.000 | Acc2: 0.000 | Time: 0.032
Total:    16 | Class: 4 | [0,0,0,0,16,0,0] | Acc: 100.000 | Acc2: 0.000 | Time: 0.032
Total:    16 | Class: 5 | [0,0,0,0,0,16,0] | Acc: 100.000 | Acc2: 0.000 | Time: 0.038
Total:    16 | Class: 6 | [0,6,0,0,0,0,10] | Acc: 62.500 | Acc2: 0.000 | Time: 0.034
Total:    16 | Class: 0 | [16,0,0,0,0,0,0] | Acc: 100.000 | Acc2: 100.000 | Time: 0.040
Total:    16 | Class: 1 | [0,11,0,0,0,0,5] | Acc: 68.750 | Acc2: 0.000 | Time: 0.031
Total:    16 | Class: 2 | [2,0,8,1,5,0,0] | Acc: 50.000 | Acc2: 0.000 | Time: 0.032
Total:    16 | Class: 3 | [0,1,1,10,4,0,0] | Acc: 62.500 | Acc2: 0.000 | Time: 0.033
Total:    16 | Class: 4 | [0,0,0,0,16,0,0] | Acc: 100.000 | Acc2: 0.000 | Time: 0.029
Total:    16 | Class: 5 | [0,0,0,0,0,16,0] | Acc: 100.000 | Acc2: 100.000 | Time: 0.037
Total:    16 | Class: 6 | [0,4,0,0,0,0,12] | Acc: 75.000 | Acc2: 0.000 | Time: 0.034
Total:    16 | Class: 0 | [16,0,0,0,0,0,0] | Acc: 100.000 | Acc2: 100.000 | Time: 0.027
Total:    16 | Class: 1 | [0,12,0,0,0,0,4] | Acc: 75.000 | Acc2: 0.000 | Time: 0.028
Total:    16 | Class: 2 | [0,0,12,2,2,0,0] | Acc: 75.000 | Acc2: 31.250 | Time: 0.030
Total:    16 | Class: 3 | [0,0,1,14,1,0,0] | Acc: 87.500 | Acc2: 12.500 | Time: 0.034
Total:    16 | Class: 4 | [0,0,2,1,13,0,0] | Acc: 81.250 | Acc2: 6.250 | Time: 0.032
Total:    16 | Class: 5 | [0,0,0,0,0,16,0] | Acc: 100.000 | Acc2: 100.000 | Time: 0.033
Total:    16 | Class: 6 | [0,3,0,0,0,0,13] | Acc: 81.250 | Acc2: 0.000 | Time: 0.032
Total:    16 | Class: 0 | [16,0,0,0,0,0,0] | Acc: 100.000 | Acc2: 100.000 | Time: 0.030
Total:    16 | Class: 1 | [0,16,0,0,0,0,0] | Acc: 100.000 | Acc2: 12.500 | Time: 0.030
Total:    16 | Class: 2 | [0,0,12,2,2,0,0] | Acc: 75.000 | Acc2: 50.000 | Time: 0.028
Total:    16 | Class: 3 | [0,0,0,16,0,0,0] | Acc: 100.000 | Acc2: 62.500 | Time: 0.032
Total:    16 | Class: 4 | [0,0,1,1,14,0,0] | Acc: 87.500 | Acc2: 62.500 | Time: 0.036
Total:    16 | Class: 5 | [0,0,0,0,0,16,0] | Acc: 100.000 | Acc2: 100.000 | Time: 0.033
Total:    16 | Class: 6 | [0,11,0,0,0,0,5] | Acc: 31.250 | Acc2: 0.000 | Time: 0.030
Total:    16 | Class: 0 | [16,0,0,0,0,0,0] | Acc: 100.000 | Acc2: 100.000 | Time: 0.029
Total:    16 | Class: 1 | [0,16,0,0,0,0,0] | Acc: 100.000 | Acc2: 18.750 | Time: 0.031
Total:    16 | Class: 2 | [0,0,15,1,0,0,0] | Acc: 93.750 | Acc2: 56.250 | Time: 0.031
Total:    16 | Class: 3 | [0,0,0,16,0,0,0] | Acc: 100.000 | Acc2: 75.000 | Time: 0.028
Total:    16 | Class: 4 | [0,0,0,0,16,0,0] | Acc: 100.000 | Acc2: 87.500 | Time: 0.033
Total:    16 | Class: 5 | [0,0,0,0,0,16,0] | Acc: 100.000 | Acc2: 100.000 | Time: 0.033
Total:    16 | Class: 6 | [0,10,0,0,0,0,6] | Acc: 37.500 | Acc2: 0.000 | Time: 0.031
Total:    16 | Class: 0 | [16,0,0,0,0,0,0] | Acc: 100.000 | Acc2: 100.000 | Time: 0.031
Total:    16 | Class: 1 | [0,16,0,0,0,0,0] | Acc: 100.000 | Acc2: 12.500 | Time: 0.029
Total:    16 | Class: 2 | [0,0,14,2,0,0,0] | Acc: 87.500 | Acc2: 68.750 | Time: 0.031
Total:    16 | Class: 3 | [0,0,0,16,0,0,0] | Acc: 100.000 | Acc2: 93.750 | Time: 0.033
Total:    16 | Class: 4 | [0,0,0,1,15,0,0] | Acc: 93.750 | Acc2: 87.500 | Time: 0.034
Total:    16 | Class: 5 | [0,0,0,0,0,16,0] | Acc: 100.000 | Acc2: 100.000 | Time: 0.033
Total:    16 | Class: 6 | [0,4,0,0,0,0,12] | Acc: 75.000 | Acc2: 0.000 | Time: 0.031
Total:    16 | Class: 0 | [16,0,0,0,0,0,0] | Acc: 100.000 | Acc2: 100.000 | Time: 0.029
Total:    16 | Class: 1 | [0,15,0,0,0,0,1] | Acc: 93.750 | Acc2: 12.500 | Time: 0.031
Total:    16 | Class: 2 | [0,0,16,0,0,0,0] | Acc: 100.000 | Acc2: 87.500 | Time: 0.030
Total:    16 | Class: 3 | [0,0,0,16,0,0,0] | Acc: 100.000 | Acc2: 100.000 | Time: 0.032
Total:    16 | Class: 4 | [0,0,1,1,14,0,0] | Acc: 87.500 | Acc2: 87.500 | Time: 0.031
Total:    16 | Class: 5 | [0,0,0,0,0,16,0] | Acc: 100.000 | Acc2: 100.000 | Time: 0.032
Total:    16 | Class: 6 | [0,3,0,0,0,0,13] | Acc: 81.250 | Acc2: 6.250 | Time: 0.029
Total:    16 | Class: 0 | [16,0,0,0,0,0,0] | Acc: 100.000 | Acc2: 100.000 | Time: 0.026
Total:    16 | Class: 1 | [0,16,0,0,0,0,0] | Acc: 100.000 | Acc2: 25.000 | Time: 0.032
Total:    16 | Class: 2 | [0,0,16,0,0,0,0] | Acc: 100.000 | Acc2: 100.000 | Time: 0.031
Total:    16 | Class: 3 | [0,0,0,16,0,0,0] | Acc: 100.000 | Acc2: 93.750 | Time: 0.033
Total:    16 | Class: 4 | [0,0,1,1,14,0,0] | Acc: 87.500 | Acc2: 87.500 | Time: 0.030
Total:    16 | Class: 5 | [0,0,0,0,0,16,0] | Acc: 100.000 | Acc2: 100.000 | Time: 0.035
Total:    16 | Class: 6 | [0,3,0,0,0,0,13] | Acc: 81.250 | Acc2: 12.500 | Time: 0.034
Total:    16 | Class: 0 | [16,0,0,0,0,0,0] | Acc: 100.000 | Acc2: 100.000 | Time: 0.029
Total:    16 | Class: 1 | [0,16,0,0,0,0,0] | Acc: 100.000 | Acc2: 62.500 | Time: 0.029
Total:    16 | Class: 2 | [0,0,16,0,0,0,0] | Acc: 100.000 | Acc2: 100.000 | Time: 0.030
Total:    16 | Class: 3 | [0,0,0,16,0,0,0] | Acc: 100.000 | Acc2: 100.000 | Time: 0.029
Total:    16 | Class: 4 | [0,0,0,1,15,0,0] | Acc: 93.750 | Acc2: 87.500 | Time: 0.034
Total:    16 | Class: 5 | [0,0,0,0,0,16,0] | Acc: 100.000 | Acc2: 100.000 | Time: 0.044
Total:    16 | Class: 6 | [0,3,0,0,0,0,13] | Acc: 81.250 | Acc2: 12.500 | Time: 0.034
Total:    16 | Class: 0 | [16,0,0,0,0,0,0] | Acc: 100.000 | Acc2: 100.000 | Time: 0.030
Total:    16 | Class: 1 | [0,16,0,0,0,0,0] | Acc: 100.000 | Acc2: 68.750 | Time: 0.027
Total:    16 | Class: 2 | [0,0,16,0,0,0,0] | Acc: 100.000 | Acc2: 100.000 | Time: 0.028
Total:    16 | Class: 3 | [0,0,0,16,0,0,0] | Acc: 100.000 | Acc2: 100.000 | Time: 0.032
Total:    16 | Class: 4 | [0,0,0,0,16,0,0] | Acc: 100.000 | Acc2: 87.500 | Time: 0.031
Total:    16 | Class: 5 | [0,0,0,0,0,16,0] | Acc: 100.000 | Acc2: 100.000 | Time: 0.033
Total:    16 | Class: 6 | [0,3,0,0,0,0,13] | Acc: 81.250 | Acc2: 25.000 | Time: 0.033
Total:    16 | Class: 0 | [16,0,0,0,0,0,0] | Acc: 100.000 | Acc2: 100.000 | Time: 0.030
Total:    16 | Class: 1 | [0,16,0,0,0,0,0] | Acc: 100.000 | Acc2: 68.750 | Time: 0.030
Total:    16 | Class: 2 | [0,0,16,0,0,0,0] | Acc: 100.000 | Acc2: 100.000 | Time: 0.029
Total:    16 | Class: 3 | [0,0,0,16,0,0,0] | Acc: 100.000 | Acc2: 100.000 | Time: 0.031
Total:    16 | Class: 4 | [0,0,0,1,15,0,0] | Acc: 93.750 | Acc2: 87.500 | Time: 0.033
Total:    16 | Class: 5 | [0,0,0,0,0,16,0] | Acc: 100.000 | Acc2: 100.000 | Time: 0.035
Total:    16 | Class: 6 | [0,2,0,0,0,0,14] | Acc: 87.500 | Acc2: 50.000 | Time: 0.033
Total:    16 | Class: 0 | [16,0,0,0,0,0,0] | Acc: 100.000 | Acc2: 100.000 | Time: 0.030
Total:    16 | Class: 1 | [0,16,0,0,0,0,0] | Acc: 100.000 | Acc2: 100.000 | Time: 0.029
Total:    16 | Class: 2 | [0,0,16,0,0,0,0] | Acc: 100.000 | Acc2: 100.000 | Time: 0.030
Total:    16 | Class: 3 | [0,0,0,16,0,0,0] | Acc: 100.000 | Acc2: 100.000 | Time: 0.030
Total:    16 | Class: 4 | [0,0,0,1,15,0,0] | Acc: 93.750 | Acc2: 87.500 | Time: 0.039
Total:    16 | Class: 5 | [0,0,0,0,0,16,0] | Acc: 100.000 | Acc2: 100.000 | Time: 0.034
Total:    16 | Class: 6 | [0,2,0,0,0,0,14] | Acc: 87.500 | Acc2: 25.000 | Time: 0.029
Total:    16 | Class: 0 | [16,0,0,0,0,0,0] | Acc: 100.000 | Acc2: 100.000 | Time: 0.032
Total:    16 | Class: 1 | [0,16,0,0,0,0,0] | Acc: 100.000 | Acc2: 100.000 | Time: 0.031
Total:    16 | Class: 2 | [0,0,16,0,0,0,0] | Acc: 100.000 | Acc2: 100.000 | Time: 0.029
Total:    16 | Class: 3 | [0,0,0,16,0,0,0] | Acc: 100.000 | Acc2: 100.000 | Time: 0.046
Total:    16 | Class: 4 | [0,0,0,1,15,0,0] | Acc: 93.750 | Acc2: 87.500 | Time: 0.035
Total:    16 | Class: 5 | [0,0,0,0,0,16,0] | Acc: 100.000 | Acc2: 100.000 | Time: 0.032
Total:    16 | Class: 6 | [0,2,0,0,0,0,14] | Acc: 87.500 | Acc2: 43.750 | Time: 0.028
Total:    16 | Class: 0 | [16,0,0,0,0,0,0] | Acc: 100.000 | Acc2: 100.000 | Time: 0.030
Total:    16 | Class: 1 | [0,16,0,0,0,0,0] | Acc: 100.000 | Acc2: 100.000 | Time: 0.033
Total:    16 | Class: 2 | [0,0,16,0,0,0,0] | Acc: 100.000 | Acc2: 100.000 | Time: 0.028
Total:    16 | Class: 3 | [0,0,0,16,0,0,0] | Acc: 100.000 | Acc2: 100.000 | Time: 0.032
Total:    16 | Class: 4 | [0,0,0,0,16,0,0] | Acc: 100.000 | Acc2: 87.500 | Time: 0.027
Total:    16 | Class: 5 | [0,0,0,0,0,16,0] | Acc: 100.000 | Acc2: 100.000 | Time: 0.030
Total:    16 | Class: 6 | [0,4,0,0,0,0,12] | Acc: 75.000 | Acc2: 25.000 | Time: 0.028
Total:    16 | Class: 0 | [16,0,0,0,0,0,0] | Acc: 100.000 | Acc2: 100.000 | Time: 0.031
Total:    16 | Class: 1 | [0,16,0,0,0,0,0] | Acc: 100.000 | Acc2: 100.000 | Time: 0.032
Total:    16 | Class: 2 | [0,0,16,0,0,0,0] | Acc: 100.000 | Acc2: 100.000 | Time: 0.033
Total:    16 | Class: 3 | [0,0,0,16,0,0,0] | Acc: 100.000 | Acc2: 100.000 | Time: 0.034
Total:    16 | Class: 4 | [0,0,0,0,16,0,0] | Acc: 100.000 | Acc2: 93.750 | Time: 0.034
Total:    16 | Class: 5 | [0,0,0,0,0,16,0] | Acc: 100.000 | Acc2: 100.000 | Time: 0.029
Total:    16 | Class: 6 | [0,4,0,0,0,0,12] | Acc: 75.000 | Acc2: 37.500 | Time: 0.030
Total:    16 | Class: 0 | [16,0,0,0,0,0,0] | Acc: 100.000 | Acc2: 100.000 | Time: 0.030
Total:    16 | Class: 1 | [0,16,0,0,0,0,0] | Acc: 100.000 | Acc2: 100.000 | Time: 0.030
Total:    16 | Class: 2 | [0,0,16,0,0,0,0] | Acc: 100.000 | Acc2: 100.000 | Time: 0.030
Total:    16 | Class: 3 | [0,0,0,16,0,0,0] | Acc: 100.000 | Acc2: 100.000 | Time: 0.035
Total:    16 | Class: 4 | [0,0,1,0,15,0,0] | Acc: 93.750 | Acc2: 87.500 | Time: 0.033
Total:    16 | Class: 5 | [0,0,0,0,0,16,0] | Acc: 100.000 | Acc2: 100.000 | Time: 0.034
Total:    16 | Class: 6 | [0,3,0,0,0,0,13] | Acc: 81.250 | Acc2: 56.250 | Time: 0.029
Total:    16 | Class: 0 | [16,0,0,0,0,0,0] | Acc: 100.000 | Acc2: 100.000 | Time: 0.029
Total:    16 | Class: 1 | [0,16,0,0,0,0,0] | Acc: 100.000 | Acc2: 100.000 | Time: 0.031
Total:    16 | Class: 2 | [0,0,16,0,0,0,0] | Acc: 100.000 | Acc2: 100.000 | Time: 0.031
Total:    16 | Class: 3 | [0,0,0,16,0,0,0] | Acc: 100.000 | Acc2: 100.000 | Time: 0.032
Total:    16 | Class: 4 | [0,0,1,1,14,0,0] | Acc: 87.500 | Acc2: 87.500 | Time: 0.031
Total:    16 | Class: 5 | [0,0,0,0,0,16,0] | Acc: 100.000 | Acc2: 100.000 | Time: 0.032
Total:    16 | Class: 6 | [0,2,0,0,0,0,14] | Acc: 87.500 | Acc2: 75.000 | Time: 0.032
Total:    16 | Class: 0 | [16,0,0,0,0,0,0] | Acc: 100.000 | Acc2: 100.000 | Time: 0.030
Total:    16 | Class: 1 | [0,16,0,0,0,0,0] | Acc: 100.000 | Acc2: 100.000 | Time: 0.032
Total:    16 | Class: 2 | [0,0,16,0,0,0,0] | Acc: 100.000 | Acc2: 100.000 | Time: 0.030
Total:    16 | Class: 3 | [0,0,0,16,0,0,0] | Acc: 100.000 | Acc2: 100.000 | Time: 0.033
Total:    16 | Class: 4 | [0,0,1,0,15,0,0] | Acc: 93.750 | Acc2: 87.500 | Time: 0.028
Total:    16 | Class: 5 | [0,0,0,0,0,16,0] | Acc: 100.000 | Acc2: 100.000 | Time: 0.032
Total:    16 | Class: 6 | [0,2,0,0,0,0,14] | Acc: 87.500 | Acc2: 75.000 | Time: 0.030
Total:    16 | Class: 0 | [16,0,0,0,0,0,0] | Acc: 100.000 | Acc2: 100.000 | Time: 0.031
Total:    16 | Class: 1 | [0,16,0,0,0,0,0] | Acc: 100.000 | Acc2: 100.000 | Time: 0.030
Total:    16 | Class: 2 | [0,0,16,0,0,0,0] | Acc: 100.000 | Acc2: 100.000 | Time: 0.029
Total:    16 | Class: 3 | [0,0,0,16,0,0,0] | Acc: 100.000 | Acc2: 100.000 | Time: 0.031
Total:    16 | Class: 4 | [0,0,0,0,16,0,0] | Acc: 100.000 | Acc2: 87.500 | Time: 0.030
Total:    16 | Class: 5 | [0,0,0,0,0,16,0] | Acc: 100.000 | Acc2: 100.000 | Time: 0.032
Total:    16 | Class: 6 | [0,0,0,0,0,0,16] | Acc: 100.000 | Acc2: 87.500 | Time: 0.042
