################ TRAINING REPORT #################
# Images path   | dataset\parking\slots\all\
# Validation    | 0.30
# Height        | 64
# Width         | 64
# Architecure   | 2l_32f_64f_5x5_fc512
# Bacth Size    | 32
# Epochs        | 500
# Eval Criteria | 0.80
##################################################
train,validation,time
0.00,0.00,0.00
99.88,96.78,60.73,best
99.83,98.07,121.12,best
99.51,96.31,182.33
99.61,97.44,242.63
99.85,96.77,303.04
99.30,98.23,363.23,best
99.81,98.09,422.09
99.75,97.67,482.23
100.00,97.56,542.48
100.00,98.22,602.75
100.00,98.82,661.96,best
100.00,97.85,720.60
99.98,98.55,778.98
99.92,97.46,839.01
100.00,98.91,897.85,best
100.00,98.91,957.63
99.99,98.71,1016.57
99.92,97.98,1077.28
100.00,98.32,1137.28
99.95,98.11,1198.63
99.98,98.50,1257.70
99.99,98.50,1316.62
99.99,98.49,1377.19
99.96,98.23,1436.74
99.98,98.30,1498.71
99.78,97.62,1557.82
100.00,98.91,1557.82
