################ TRAINING REPORT #################
# Images path   | dataset\parking\slots\all\
# Validation    | 0.30
# Height        | 64
# Width         | 64
# Architecure   | 2l_32f_64f_5x5_fc512
# Bacth Size    | 32
# Epochs        | 500
# Eval Criteria | 0.80
##################################################
train,validation,time
0.00,0.00,0.00
99.82,93.97,62.17,best
99.38,95.62,122.80,best
98.00,95.23,180.85
99.99,98.36,240.82,best
99.98,98.66,302.08,best
99.96,98.48,362.56
99.85,96.60,422.61
99.98,97.83,482.08
99.98,97.21,542.03
100.00,98.82,602.87,best
100.00,98.08,662.83
99.98,97.04,721.83
100.00,98.10,783.50
99.87,96.78,843.94
99.96,98.84,903.00,best
100.00,98.58,962.16
99.98,98.33,1022.74
99.93,98.69,1082.58
100.00,98.69,1143.67
99.96,98.78,1203.30
100.00,98.44,1263.32
99.99,98.21,1324.19
99.94,97.83,1384.46
99.99,98.32,1442.95
99.81,97.23,1503.45
99.97,98.01,1563.92
99.96,98.84,1563.92
