################ TRAINING REPORT #################
# Images path   | dataset\parking\slots\slot6\
# Validation    | 0.30
# Height        | 64
# Width         | 64
# Architecure   | 2l_32f_64f_5x5_fc512
# Bacth Size    | 32
# Epochs        | 500
# Eval Criteria | 0.80
##################################################
train,validation,time
0.00,0.00,0.00
100.00,93.05,6.30,best
100.00,93.98,11.00,best
100.00,94.39,15.67,best
100.00,93.85,20.52
100.00,94.12,25.24
100.00,92.78,30.01
100.00,95.45,34.66,best
100.00,92.91,39.22
100.00,92.78,43.83
100.00,94.39,48.57
100.00,94.52,53.14
100.00,93.72,57.74
100.00,95.86,62.38,best
100.00,94.65,67.04
100.00,93.32,71.70
100.00,95.59,76.43
100.00,91.84,80.99
100.00,94.52,85.64
100.00,94.12,90.35
100.00,96.39,95.16,best
100.00,95.99,99.95
100.00,94.52,104.68
100.00,93.32,109.38
100.00,94.65,113.95
100.00,95.32,118.50
100.00,93.98,123.17
100.00,95.19,127.76
100.00,95.72,132.39
100.00,94.39,136.99
100.00,96.52,141.68,best
100.00,95.05,146.32
100.00,94.52,150.95
100.00,93.32,155.65
100.00,88.50,160.34
100.00,97.59,164.95,best
100.00,93.98,170.01
100.00,94.79,174.71
100.00,94.39,179.42
100.00,94.12,184.08
100.00,93.58,188.76
99.94,96.26,193.48
100.00,94.39,198.19
100.00,93.45,202.84
99.94,93.45,207.65
100.00,94.65,212.29
100.00,97.86,217.18,best
100.00,92.65,221.73
100.00,94.65,226.38
100.00,91.98,230.97
100.00,94.92,235.73
100.00,95.19,240.38
100.00,94.52,245.08
100.00,94.52,249.53
100.00,93.32,254.12
100.00,94.79,258.85
100.00,95.32,263.51
100.00,94.39,268.16
100.00,97.86,268.16
