################ TRAINING REPORT #################
# Images path   | dataset\parking\pklot\subset_of_mypklot\
# Validation    | 0.30
# Height        | 64
# Width         | 64
# Architecure   | resnet
# Bacth Size    | 16
# Epochs        | 500
# Eval Criteria | 0.80
##################################################
train,validation,test,min,time
0.31,0.00,41.52,0.000
97.41,79.45,92.29,293.284,best
98.71,81.99,90.76,567.226,best
98.38,82.33,90.76,842.464,best
99.79,91.04,94.59,1120.768,best
98.54,75.67,88.46,1397.007
97.72,78.11,87.98,1671.850
99.16,85.20,94.20,1947.320
99.06,84.63,92.10,2223.398
99.53,88.60,95.21,2497.863
96.43,83.72,92.58,2773.425
99.47,83.86,93.20,3047.663
99.06,83.67,92.05,3323.608
99.53,84.91,94.20,3598.710
99.47,83.09,91.81,3875.007
99.45,87.40,94.35,4150.758
98.85,88.98,96.36,4427.761
97.99,89.22,96.46,4703.743
98.05,86.02,93.53,4979.528
99.45,87.02,94.20,5254.616
99.67,86.64,95.59,5532.802
99.34,85.25,91.71,5813.000
