################ TRAINING REPORT #################
# Images path   | dataset\parking\pklot\subset_of_mypklot\
# Validation    | 0.30
# Height        | 64
# Width         | 64
# Architecure   | 3l_16f_32f_32f_5x5_fc512
# Bacth Size    | 256
# Epochs        | 500
# Eval Criteria | 0.80
##################################################
train,validation,test,min,time
0.00,0.00,51.92,0.000
95.93,60.20,82.42,7.627,best
99.32,70.02,91.00,13.642,best
99.49,70.21,92.62,19.701,best
99.51,69.54,91.86,25.717
99.61,69.59,89.89,31.742
99.88,69.59,90.57,37.765
99.90,68.39,90.04,43.776
99.79,70.69,90.42,49.828,best
99.90,68.82,90.47,55.863
99.96,71.93,91.52,62.003,best
99.90,71.84,91.52,68.099
99.84,68.25,90.71,74.179
99.84,67.67,88.36,80.268
99.88,71.60,91.43,86.322
100.00,68.30,90.90,92.384
99.79,73.23,90.71,98.455,best
99.65,70.16,89.03,104.534
99.98,70.98,88.94,110.577
99.71,74.28,92.77,116.609,best
99.77,73.80,90.37,122.645
99.88,74.23,92.00,128.725
99.82,71.41,90.57,134.829
99.90,73.56,90.95,140.893
99.77,72.17,90.85,146.948
98.69,73.52,90.28,153.002
99.86,72.46,90.66,159.057
99.90,73.23,91.57,165.099
99.86,76.01,91.67,171.143,best
99.82,75.81,91.38,177.159
99.40,72.75,90.95,183.274
99.88,72.41,90.47,189.291
99.86,74.95,91.48,195.335
99.98,76.01,92.58,201.423
99.90,74.95,91.67,207.455
99.98,78.30,92.29,213.473,best
99.90,76.05,91.81,219.574
99.88,75.72,92.39,225.660
99.86,79.31,92.62,231.704,best
99.94,74.19,92.29,237.713
99.92,77.68,93.15,243.816
99.71,75.19,91.71,249.981
99.79,79.79,93.97,256.022,best
99.92,77.20,92.34,262.050
99.88,80.75,93.82,268.087,best
99.92,78.16,91.19,274.152
99.65,78.21,92.43,280.317
99.90,77.11,91.86,286.370
99.79,79.84,93.01,292.429
99.88,76.82,92.58,298.492
99.96,80.99,94.78,304.561,best
99.73,78.78,93.77,310.648
100.00,84.63,93.77,316.661,best
99.90,78.83,91.81,322.786
99.88,78.98,93.68,328.839
99.69,81.27,93.87,334.963
99.90,81.18,92.24,341.369
99.79,72.94,89.51,347.454
99.94,76.77,91.81,353.486
99.98,81.13,93.92,359.637
99.92,78.83,92.29,365.704
99.88,79.12,91.38,371.736
99.92,81.61,93.25,377.766
100.00,84.63,93.77,377.766
