################ TRAINING REPORT #################
# Images path   | dataset\parking\pklot\subset_of_mypklot\
# Validation    | 0.30
# Height        | 64
# Width         | 64
# Architecure   | 3l_16f_32f_32f_5x5_fc512
# Bacth Size    | 32
# Epochs        | 500
# Eval Criteria | 0.80
##################################################
train,validation,test,min,time
0.00,0.00,51.29,0.000
99.57,84.82,90.95,14.112,best
99.90,82.95,88.22,26.653
99.88,79.60,87.12,39.189
99.53,81.85,86.11,51.706
99.88,85.39,90.37,64.422,best
99.34,82.04,89.94,77.040
99.96,81.13,89.94,89.657
99.82,86.30,91.76,102.004,best
99.90,87.64,91.33,114.521,best
99.98,86.25,91.52,127.073
99.75,84.77,90.13,139.362
99.28,84.20,89.03,151.841
99.94,86.11,90.76,164.330
99.92,83.57,90.42,176.830
99.77,84.77,89.42,189.427
99.77,90.33,93.25,201.942,best
100.00,84.43,89.46,214.335
99.63,80.46,86.25,226.605
99.86,85.78,90.66,239.221
99.92,84.20,89.22,251.870
99.67,83.86,88.60,264.344
99.92,85.82,91.04,276.876
99.96,86.30,90.28,289.149
99.96,90.13,94.06,301.353
99.94,89.70,93.10,313.713
99.96,85.49,90.13,325.884
99.77,90.33,93.25,325.884
