################ TRAINING REPORT #################
# Images path   | dataset\parking\pklot\subset_of_mypklot\
# Validation    | 0.30
# Height        | 64
# Width         | 64
# Architecure   | 3l_16f_32f_32f_5x5_fc512
# Bacth Size    | 64
# Epochs        | 500
# Eval Criteria | 0.80
##################################################
train,validation,test,min,time
0.00,0.00,48.56,0.000
99.77,82.42,88.98,10.769,best
99.98,86.11,92.72,20.090,best
99.86,86.40,92.24,29.192,best
99.98,84.34,91.04,38.246
99.88,81.13,89.80,47.459
99.92,83.14,91.00,56.627
99.82,82.76,91.00,65.766
99.96,80.89,90.33,74.848
99.86,76.48,86.11,83.898
99.84,84.05,90.80,92.996
99.96,87.50,93.25,102.113,best
99.92,87.40,92.34,111.349
99.92,86.88,93.63,120.404
99.96,85.87,91.86,129.510
99.92,86.59,92.53,138.705
99.94,82.66,90.76,147.987
99.92,87.16,92.43,157.000
99.67,78.45,87.07,166.075
99.90,84.43,90.95,175.197
99.86,83.67,91.00,184.346
99.92,82.71,89.66,193.380
99.96,87.50,93.25,193.380
