################ TRAINING REPORT #################
# Images path   | dataset\fabric\side64\
# Validation    | 0.30
# Height        | 64
# Width         | 64
# Architecure   | 1l_8f_5x5_fc50
# Bacth Size    | 32
# Epochs        | 500
# Eval Criteria | 0.80
##################################################
train,validation,test,min,time
0.00,0.00,12.19,0.000
0.00,0.00,49.28,3.685
27.50,27.26,76.80,6.355,best
38.98,36.57,89.38,8.843,best
50.45,49.28,90.83,11.373,best
63.10,63.17,91.48,13.866,best
67.72,68.28,92.79,16.443,best
70.30,69.99,94.76,18.981,best
71.20,70.38,95.28,21.393,best
73.51,72.08,96.33,23.921,best
77.62,76.67,96.07,26.833,best
81.83,80.08,97.25,29.495,best
85.26,83.62,97.25,32.321,best
87.46,86.11,97.64,35.032,best
89.88,87.81,97.12,37.930,best
90.89,88.99,97.25,40.415,best
93.76,90.56,97.77,42.843,best
95.78,92.40,98.69,45.305,best
96.40,92.66,98.30,47.723,best
97.24,93.71,98.82,50.198,best
98.20,94.23,98.82,52.908,best
98.43,94.50,98.95,55.690,best
98.54,94.89,98.69,58.119,best
99.04,95.02,98.95,61.391,best
99.33,96.46,98.69,64.082,best
99.44,95.15,98.95,66.830
99.83,95.67,98.95,69.539
99.66,95.54,98.82,72.005
99.89,96.85,98.82,74.433,best
99.94,96.99,99.08,77.151,best
99.78,96.20,98.82,79.857
99.89,96.99,98.82,82.773
99.89,97.38,98.82,85.334,best
99.94,97.38,99.08,87.670
100.00,97.38,99.08,90.545
100.00,97.64,99.08,93.299,best
100.00,97.38,98.95,95.795
100.00,97.51,99.34,98.292
100.00,97.51,99.21,101.068
100.00,97.77,98.95,103.548,best
100.00,97.90,98.95,106.030,best
100.00,97.64,98.95,108.630
100.00,97.90,99.08,111.106
100.00,98.03,99.08,113.647,best
100.00,97.77,99.21,116.101
100.00,97.90,99.21,118.602
100.00,98.43,99.08,121.063,best
100.00,98.56,99.21,123.608,best
100.00,98.17,98.95,126.085
100.00,98.30,99.21,128.636
100.00,98.43,99.34,131.017
100.00,98.03,99.08,133.533
100.00,98.03,99.34,135.996
100.00,98.17,99.34,138.536
100.00,98.30,99.21,141.003
100.00,98.03,99.08,143.532
100.00,98.03,99.34,146.007
100.00,98.17,99.21,148.561
100.00,98.56,99.21,148.561
