################ TRAINING REPORT #################
# Images path   | dataset\kylberg\training\
# Validation    | 0.30
# Height        | 64
# Width         | 64
# Architecure   | 2l_8f_16f_5x5_fc256
# Bacth Size    | 32
# Epochs        | 500
# Eval Criteria | 0.80
##################################################
train,validation,test,min,time
0.00,0.00,17.27,0.000
63.54,62.15,83.85,5.632,best
92.97,85.59,92.10,9.624,best
96.69,86.55,91.06,13.596,best
99.40,88.72,91.93,17.542,best
99.48,90.10,92.36,21.523,best
99.70,92.45,94.44,25.730,best
100.00,93.23,95.31,30.110,best
100.00,91.93,94.18,34.177
99.89,93.58,95.83,38.152,best
98.96,90.71,93.40,42.466
100.00,92.88,95.57,46.535
100.00,94.10,96.61,50.684,best
100.00,94.36,96.09,54.692,best
100.00,94.36,96.18,58.702
99.96,94.79,96.44,62.904,best
96.32,90.36,92.10,66.917
100.00,95.57,97.14,70.900,best
100.00,95.05,96.70,74.903
100.00,96.01,97.40,78.908,best
99.89,94.97,96.35,82.896
99.85,94.27,96.27,86.905
100.00,96.35,97.31,90.937,best
100.00,95.83,97.05,95.185
100.00,96.27,97.40,99.389
100.00,96.01,97.22,103.326
100.00,96.18,97.57,107.315
99.96,95.49,96.70,111.293
100.00,96.35,97.92,115.336
100.00,96.53,97.83,119.396,best
100.00,96.09,97.14,123.443
100.00,96.09,97.40,127.547
100.00,96.88,97.66,131.525,best
100.00,96.53,97.57,135.462
100.00,96.44,97.66,139.462
99.93,96.27,97.40,143.483
99.96,96.35,97.74,147.557
99.96,96.27,97.40,151.725
99.96,96.27,97.40,155.693
100.00,96.53,97.83,159.680
100.00,96.70,97.83,163.746
100.00,96.70,97.92,167.790
100.00,97.05,98.35,171.800,best
100.00,97.40,98.35,175.821,best
100.00,96.88,97.92,179.842
100.00,96.88,98.00,183.968
100.00,96.70,98.26,188.027
100.00,96.79,98.26,192.223
100.00,96.61,97.83,196.425
100.00,97.48,98.70,200.668,best
100.00,97.05,98.61,204.840
100.00,96.96,98.09,208.980
100.00,97.22,98.52,213.262
100.00,96.96,98.52,217.341
99.93,95.14,97.14,221.277
100.00,96.96,98.52,225.270
99.96,95.57,97.83,229.274
100.00,96.18,97.57,233.274
99.96,96.35,97.92,237.291
100.00,96.79,98.18,241.294
100.00,97.48,98.70,241.294
