################ TRAINING REPORT #################
# Images path   | ..\datasets\mnist\
# Validation    | 0.30
# Height        | 28
# Width         | 28
# Architecure   | mnist
# Bacth Size    | 1024
# Epochs        | 500
# Eval Criteria | 0.80
##################################################
train,validation,test,min,time
0.00,0.00,6.09,0.000
97.91,97.72,98.82,57.568,best
98.69,98.38,99.15,108.092,best
99.13,98.45,99.14,158.334,best
99.15,98.45,99.12,205.663
99.35,98.52,99.17,252.699,best
99.49,98.68,99.14,299.746,best
99.54,98.76,99.16,346.954,best
99.40,98.56,99.04,393.990
99.55,98.62,99.20,441.557
99.49,98.71,99.13,488.187
99.53,98.56,99.20,535.675
99.53,98.55,99.10,582.323
99.66,98.75,99.28,629.220
99.58,98.58,99.21,676.052
99.26,98.39,99.04,723.353
99.51,98.62,99.09,770.146
99.42,98.80,99.14,817.354,best
99.68,98.56,99.15,864.122
99.55,98.89,99.30,911.683,best
99.63,98.65,99.19,958.247
99.52,98.68,99.09,1005.587
99.44,98.37,99.06,1053.034
99.63,98.62,99.08,1100.302
99.69,98.75,99.31,1147.200
99.61,98.70,99.23,1194.365
99.61,98.65,99.25,1241.316
99.55,98.61,99.21,1288.862
99.53,98.57,99.20,1335.873
99.60,98.56,99.12,1383.181
99.55,98.89,99.30,1430.151
