################ TRAINING REPORT #################
# Images path   | dataset\parking\slots\slot1\
# Validation    | 0.30
# Height        | 64
# Width         | 64
# Architecure   | 2l_8f_16f_5x5_fc512
# Bacth Size    | 32
# Epochs        | 500
# Eval Criteria | 0.80
##################################################
train,validation,time
0.00,0.00,0.00
99.43,83.44,4.67,best
99.94,86.78,8.21,best
100.00,87.18,11.66,best
99.94,86.78,15.02
100.00,84.25,18.42
100.00,86.38,21.77
100.00,85.58,25.20
100.00,84.91,28.56
100.00,83.04,32.11
100.00,85.85,35.48
100.00,88.25,38.78,best
100.00,84.78,42.06
100.00,83.31,45.51
100.00,85.58,48.97
100.00,90.12,52.43,best
100.00,86.25,56.02
100.00,84.51,59.49
100.00,87.45,62.52
100.00,83.85,66.04
100.00,88.38,69.30
100.00,89.05,72.81
100.00,87.18,76.28
100.00,87.45,79.59
100.00,87.45,82.97
100.00,87.45,86.49
100.00,88.79,90.09
100.00,90.12,90.09
