################ TRAINING REPORT #################
# Images path   | dataset\parking\slots\all\
# Validation    | 0.30
# Height        | 64
# Width         | 64
# Architecure   | 2l_8f_16f_5x5_fc512
# Bacth Size    | 32
# Epochs        | 500
# Eval Criteria | 0.80
##################################################
train,validation,time
0.00,0.00,0.00
99.81,97.38,46.50,best
99.77,97.00,91.07
99.82,98.12,135.86,best
99.88,96.67,179.39
99.96,97.04,223.73
99.85,96.26,267.63
99.93,97.53,311.99
100.00,97.13,356.32
99.06,95.93,399.38
99.78,97.21,444.18
99.99,98.51,489.01,best
99.98,98.28,533.56
100.00,98.39,577.37
99.97,98.35,622.20
99.98,98.13,667.01
100.00,98.48,711.92
100.00,98.99,755.85,best
99.95,98.10,801.20
100.00,98.38,846.35
99.98,98.55,891.71
99.96,98.89,936.16
99.89,98.31,980.56
100.00,98.50,1025.32
99.97,98.43,1070.86
100.00,98.66,1113.97
100.00,98.57,1159.64
100.00,98.99,1203.06
100.00,98.30,1249.10
100.00,98.99,1249.10
