################ TRAINING REPORT #################
# Images path   | dataset\parking\slots\slot6\
# Validation    | 0.30
# Height        | 64
# Width         | 64
# Architecure   | 2l_8f_16f_5x5_fc512
# Bacth Size    | 32
# Epochs        | 500
# Eval Criteria | 0.80
##################################################
train,validation,time
0.00,0.00,0.00
100.00,93.18,4.87,best
100.00,96.93,8.54,best
100.00,96.79,12.22
100.00,96.26,15.76
100.00,95.19,19.26
100.00,94.39,22.74
100.00,92.78,26.18
100.00,97.46,29.58,best
100.00,95.45,33.06
100.00,95.19,36.42
100.00,97.73,39.99,best
100.00,97.33,43.43
100.00,95.32,46.94
100.00,95.99,50.31
100.00,95.05,53.79
100.00,95.59,57.30
100.00,94.92,60.84
100.00,97.19,64.38
100.00,96.79,67.84
100.00,96.39,71.25
100.00,95.05,74.89
100.00,92.65,78.41
100.00,97.73,78.41
