train,validation,time
0.00,0.00,0.00
0.00,0.00,4.61
0.00,0.00,8.16
14.45,14.29,11.62,best
25.93,26.21,15.07,best
37.85,35.26,18.56,best
55.96,51.51,21.96,best
72.89,65.79,25.52,best
86.05,71.95,28.91,best
92.97,80.21,32.71,best
96.85,85.58,36.08,best
98.37,89.78,39.68,best
98.76,90.83,43.05,best
99.04,91.74,46.47,best
99.16,92.92,49.94,best
99.49,94.50,53.32,best
99.61,96.46,56.74,best
99.72,95.41,60.10
99.83,96.20,63.46
99.94,96.85,66.83,best
99.94,95.94,70.25
99.94,97.51,73.64,best
99.94,98.03,77.39,best
99.94,97.64,80.86
99.94,97.64,84.31
99.94,97.25,87.80
100.00,98.17,91.36,best
100.00,97.38,94.81
100.00,97.90,98.29
100.00,98.56,101.72,best
100.00,98.56,105.45
100.00,98.82,108.89,best
100.00,97.90,112.31
100.00,97.90,115.72
100.00,98.43,119.09
100.00,97.77,122.55
100.00,98.69,125.99
100.00,98.69,129.47
100.00,98.56,132.95
100.00,98.17,136.37
100.00,98.82,139.81
100.00,98.30,143.34
100.00,98.56,146.79
100.00,98.82,146.79
