train,validation,time
0.00,0.00,0.00
0.00,0.00,4.42
0.00,0.00,7.79
0.00,0.00,11.04
1.97,1.18,14.50,best
9.06,8.13,18.36,best
14.06,14.02,21.95,best
14.34,14.29,25.36,best
19.85,18.74,28.61,best
25.42,24.51,31.82,best
30.26,28.05,34.99,best
38.70,36.57,38.15,best
45.50,42.60,41.31,best
51.86,47.44,44.46,best
58.72,54.78,47.63,best
61.98,56.75,51.36,best
62.77,56.09,54.66
66.25,60.55,57.90,best
67.49,63.83,61.34,best
68.67,64.74,64.62,best
68.84,64.48,67.96
71.20,66.06,71.36,best
71.03,65.53,74.75
72.83,66.84,78.09,best
75.65,67.76,81.27,best
79.08,68.15,84.44,best
83.86,72.61,88.14,best
85.60,72.48,91.48
90.27,74.84,94.92,best
91.90,76.54,98.11,best
93.25,78.90,101.53,best
94.66,79.95,104.72,best
96.23,81.26,108.26,best
97.30,82.96,111.91,best
97.24,83.49,115.41,best
97.69,84.27,119.03,best
97.86,85.06,122.53,best
98.59,86.50,125.79,best
98.43,85.98,129.06
98.88,87.42,132.31,best
99.10,87.68,135.47,best
98.88,88.86,138.90,best
99.27,89.25,142.56,best
99.55,89.78,145.89,best
99.72,90.56,149.14,best
99.66,90.96,152.63,best
99.83,90.96,155.86
99.66,89.91,159.25
99.78,90.69,162.69
99.83,90.83,166.17
99.83,90.96,169.56
99.83,90.83,172.83
99.83,93.18,176.05,best
99.83,92.14,179.63
99.89,92.53,182.99
99.89,92.66,186.37
99.89,92.66,189.71
99.89,92.40,193.12
99.94,92.79,196.51
99.94,92.66,199.97
99.94,93.32,203.26,best
99.94,92.92,207.20
99.94,93.32,210.62
99.89,92.27,213.77
99.94,93.45,216.94,best
99.94,93.84,220.17,best
99.94,92.92,223.76
99.94,92.14,227.08
99.94,92.79,230.33
99.94,93.58,233.63
99.94,95.02,236.85,best
99.94,93.97,240.16
99.94,94.10,243.50
99.94,94.63,246.98
99.94,93.71,250.18
99.94,93.58,253.51
100.00,93.45,256.88
99.94,93.45,260.30
99.94,93.97,263.54
99.94,94.10,266.97
99.94,94.50,270.15
99.94,94.10,273.30
99.94,95.02,273.30
