train,validation,time
0.00,0.00,0.00
0.00,0.00,4.34
0.00,0.00,8.17
0.00,0.00,11.89
0.00,0.00,15.22
0.06,0.26,18.61,best
12.65,11.27,21.89,best
20.58,17.56,25.17,best
25.98,24.64,28.77,best
30.09,28.83,31.90,best
33.86,31.59,35.47,best
40.94,39.84,38.68,best
49.44,43.64,42.11,best
54.16,47.97,45.27,best
58.94,52.95,48.43,best
63.16,57.80,51.60,best
64.96,59.50,54.76,best
68.17,62.25,58.02,best
71.20,64.74,61.26,best
74.58,66.45,64.75,best
76.94,67.89,68.38,best
80.37,70.77,71.86,best
83.46,73.26,75.06,best
86.22,75.10,78.31,best
87.18,75.75,82.09,best
90.04,78.24,85.73,best
92.41,80.08,88.99,best
93.08,80.60,92.67,best
94.15,81.13,95.94,best
95.33,81.91,99.51,best
95.84,82.44,103.21,best
96.57,83.75,106.60,best
97.69,84.80,109.74,best
97.64,86.11,112.91,best
98.26,86.37,116.08,best
98.54,87.55,119.50,best
98.93,87.68,122.68,best
98.71,88.73,125.93,best
99.10,89.65,129.17,best
99.49,89.65,132.72
99.66,89.91,135.93,best
99.66,90.43,139.45,best
99.78,90.56,142.87,best
99.83,90.56,146.14
99.89,92.14,149.53,best
99.89,91.74,152.92
99.89,91.74,156.24
99.94,92.79,159.63,best
99.89,91.87,163.41
99.94,93.32,166.71,best
99.89,94.76,169.97,best
99.94,93.45,173.24
100.00,94.23,176.72
100.00,94.50,180.03
100.00,94.36,183.36
100.00,94.10,186.67
100.00,93.71,190.36
100.00,94.76,193.86
99.94,95.02,197.31,best
100.00,95.02,200.81
99.94,95.67,204.24,best
99.94,95.54,207.48
99.94,95.94,210.88,best
100.00,93.84,214.24
100.00,95.81,217.47
99.94,95.15,220.90
100.00,96.72,224.27,best
100.00,95.94,227.55
100.00,95.54,230.95
100.00,95.67,234.32
100.00,95.67,237.53
100.00,95.54,240.92
100.00,95.94,244.17
100.00,96.07,247.50
100.00,96.59,250.82
99.94,96.72,254.29
100.00,96.46,257.49
100.00,96.99,261.00,best
100.00,96.85,264.69
100.00,96.46,267.94
100.00,96.07,271.26
99.94,96.07,274.62
99.94,97.12,277.94,best
100.00,96.46,281.58
100.00,96.72,284.85
100.00,94.89,288.05
100.00,96.20,291.40
100.00,96.20,294.69
100.00,96.99,298.08
100.00,96.46,301.41
100.00,96.33,304.69
100.00,96.72,307.97
100.00,96.99,311.30
100.00,95.94,314.69
99.94,97.12,314.69
