train,validation,time
0.00,0.00,0.00
99.89,95.19,6.80,best
100.00,92.78,12.25
100.00,93.18,17.43
100.00,93.18,23.06
100.00,95.32,28.19,best
100.00,94.39,33.25
100.00,94.65,38.47
100.00,95.05,43.51
100.00,95.32,48.65
100.00,95.59,54.04,best
100.00,95.59,59.26
100.00,95.05,64.55
100.00,95.19,69.79
100.00,95.72,75.08,best
100.00,95.72,80.27
100.00,95.05,85.54
100.00,95.45,91.01
100.00,94.65,96.33
100.00,95.32,101.55
100.00,95.59,106.89
100.00,95.45,112.04
100.00,95.45,117.21
100.00,95.99,122.47,best
100.00,95.45,127.75
100.00,95.59,132.97
100.00,96.52,138.09,best
100.00,95.32,143.48
100.00,94.65,148.81
100.00,95.32,154.06
100.00,95.45,159.26
100.00,95.32,164.62
100.00,95.32,169.97
100.00,95.59,175.14
100.00,95.05,180.46
100.00,95.59,185.77
100.00,95.05,190.92
100.00,95.05,196.01
100.00,96.52,196.01
