train,validation,time
0.00,0.00,0.00
99.20,88.65,6.75,best
98.91,86.38,11.91
100.00,88.25,17.62
100.00,89.45,22.79,best
100.00,88.92,27.93
100.00,88.92,33.11
100.00,87.45,38.41
99.94,83.58,43.56
100.00,88.92,49.17
100.00,90.65,54.54,best
100.00,86.92,59.75
100.00,88.92,64.97
100.00,84.91,70.05
100.00,84.51,75.39
100.00,86.11,80.61
100.00,91.19,85.68,best
100.00,86.38,90.98
100.00,85.18,96.09
100.00,85.45,101.32
100.00,85.85,106.86
100.00,84.78,112.16
100.00,82.64,117.27
100.00,85.18,122.52
100.00,81.58,127.83
100.00,85.71,133.22
100.00,82.51,138.44
100.00,81.71,143.69
100.00,91.19,143.69
