train,validation,time
0.00,0.00,0.00
99.60,90.64,6.84,best
100.00,90.37,12.21
100.00,90.64,17.54
100.00,90.78,22.78,best
100.00,90.78,28.00
100.00,91.04,33.15,best
100.00,91.18,38.50,best
100.00,91.04,43.95
100.00,91.18,49.26
100.00,90.91,54.60
100.00,93.18,59.96,best
100.00,91.84,65.30
100.00,92.11,70.62
100.00,91.31,75.91
100.00,91.71,81.22
100.00,97.06,86.49,best
100.00,92.65,91.77
100.00,96.79,97.11
100.00,93.18,102.48
100.00,95.59,107.81
100.00,91.44,113.30
100.00,94.79,118.59
100.00,93.32,123.86
100.00,93.32,128.99
100.00,94.25,134.26
100.00,93.98,139.50
100.00,95.19,144.77
100.00,97.06,144.77
