train,validation,time
0.00,0.00,0.00
99.67,96.31,67.40,best
99.98,96.49,133.04,best
99.91,97.34,198.65,best
100.00,97.63,264.21,best
99.71,96.58,329.88
99.99,97.23,395.91
99.97,97.40,461.32
99.99,97.00,527.09
100.00,96.95,592.59
100.00,97.40,657.92
100.00,97.44,722.70
100.00,96.95,787.99
99.99,97.64,852.87,best
100.00,97.78,918.15,best
100.00,96.55,979.17
100.00,97.15,1042.19
99.92,97.12,1107.51
100.00,97.07,1172.86
99.99,96.98,1239.00
100.00,97.27,1304.67
99.92,96.79,1369.99
100.00,97.15,1435.81
99.99,95.80,1501.98
100.00,96.70,1567.32
99.99,96.66,1632.72
100.00,97.78,1632.72
