train,validation,time
0.00,0.00,0.00
99.94,92.51,7.02,best
100.00,93.85,12.17,best
100.00,93.85,17.29
100.00,95.19,22.80,best
100.00,95.19,27.99
100.00,95.19,33.30
100.00,95.59,38.49,best
100.00,94.92,43.88
100.00,95.86,49.13,best
100.00,94.92,54.26
100.00,96.26,59.38,best
100.00,95.32,64.95
100.00,95.32,70.36
100.00,95.32,75.57
100.00,95.32,80.80
100.00,95.32,85.94
100.00,95.05,91.24
100.00,95.05,96.53
100.00,94.25,101.73
100.00,94.25,106.94
100.00,95.19,112.37
100.00,95.05,117.52
100.00,96.26,117.52
