train,validation,time
0.00,0.00,0.00
99.89,94.12,6.72,best
99.94,93.98,11.99
100.00,93.98,17.38
100.00,94.79,22.56,best
100.00,94.25,28.08
100.00,95.19,33.34,best
100.00,95.32,38.45,best
100.00,94.79,44.08
100.00,95.32,49.38
100.00,95.45,54.57,best
100.00,95.32,59.66
100.00,96.39,64.80,best
100.00,95.32,69.99
100.00,95.45,75.16
100.00,95.72,80.37
100.00,95.59,85.67
100.00,95.59,90.84
100.00,95.59,96.15
100.00,95.72,101.46
100.00,95.99,106.67
100.00,95.72,111.90
100.00,95.99,117.22
100.00,95.59,122.42
100.00,96.39,122.42
