train,validation,time
0.00,0.00,0.00
99.71,90.78,6.76,best
100.00,91.04,11.99,best
100.00,91.04,17.56
100.00,91.04,22.83
100.00,91.04,28.07
100.00,91.04,33.34
100.00,91.44,38.52,best
100.00,91.04,43.79
100.00,91.04,49.16
100.00,91.04,54.73
100.00,96.52,59.94,best
100.00,91.98,65.32
100.00,97.46,70.53,best
100.00,92.25,75.85
100.00,91.84,81.18
100.00,94.12,86.52
100.00,92.25,91.89
100.00,91.58,97.04
100.00,91.98,102.27
100.00,95.59,107.60
100.00,93.45,112.85
100.00,93.72,118.24
100.00,93.18,123.64
100.00,91.98,128.84
100.00,97.46,128.84
