train,validation,time
0.00,0.00,0.00
99.94,94.65,7.07,best
100.00,95.32,12.15,best
100.00,96.66,17.28,best
100.00,96.39,22.45
100.00,96.39,27.62
100.00,97.33,32.92,best
100.00,96.39,38.12
100.00,96.66,43.50
100.00,95.99,48.68
100.00,95.59,53.93
100.00,93.32,59.19
100.00,96.12,64.27
100.00,97.59,69.56,best
100.00,96.66,74.78
100.00,97.73,79.88,best
100.00,96.12,85.45
100.00,97.46,90.62
100.00,97.33,96.14
100.00,96.39,101.40
100.00,96.26,107.03
100.00,97.46,112.22
100.00,96.12,117.85
100.00,96.52,123.01
100.00,96.66,128.51
100.00,95.99,134.13
100.00,96.52,139.66
100.00,97.73,139.66
