train,validation,time
0.00,0.00,0.00
99.25,92.25,6.84,best
99.66,93.45,12.05,best
99.77,93.58,17.38,best
100.00,94.39,22.60,best
99.77,93.45,27.82
99.89,93.32,33.11
100.00,94.25,38.31
100.00,94.65,43.66,best
100.00,93.98,49.02
100.00,94.39,54.33
100.00,93.32,59.65
100.00,94.92,64.93,best
100.00,92.65,70.27
100.00,93.32,75.78
100.00,91.58,81.09
100.00,91.71,86.30
100.00,92.25,91.55
100.00,92.38,96.81
100.00,92.78,102.05
100.00,93.45,107.38
100.00,92.11,112.65
100.00,95.86,117.85,best
100.00,93.32,123.11
100.00,94.52,128.37
100.00,95.86,133.75
100.00,93.85,139.11
100.00,93.58,144.41
100.00,91.18,149.74
100.00,90.78,155.09
100.00,91.71,160.30
100.00,90.64,165.64
100.00,94.25,171.07
100.00,92.51,176.40
100.00,95.86,176.40
