train,validation,time
0.00,0.00,0.00
99.48,88.12,6.86,best
99.89,88.38,12.26,best
100.00,88.92,17.70,best
100.00,90.92,23.05,best
100.00,91.99,28.28,best
100.00,89.19,33.56
100.00,88.92,38.82
100.00,90.92,44.06
100.00,89.32,49.27
100.00,90.52,54.56
100.00,92.52,59.86,best
100.00,92.66,65.17,best
100.00,91.05,70.36
100.00,90.79,75.64
100.00,89.85,80.88
100.00,91.99,86.10
100.00,87.85,91.46
100.00,90.39,96.75
100.00,88.65,102.02
100.00,88.79,107.34
100.00,85.31,112.70
100.00,87.98,118.06
100.00,86.11,123.42
100.00,92.66,123.42
