Total:   270 | Class: 0 | [0,0,0,270,0,0,0,0,0,0] | Acc: 0.00 | Acc2: 0.00 | Time: 0.513
Total:   270 | Class: 1 | [0,0,0,0,270,0,0,0,0,0] | Acc: 0.00 | Acc2: 0.00 | Time: 0.409
Total:   270 | Class: 2 | [0,0,0,0,270,0,0,0,0,0] | Acc: 0.00 | Acc2: 0.00 | Time: 0.464
Total:   270 | Class: 3 | [0,0,0,0,270,0,0,0,0,0] | Acc: 0.00 | Acc2: 0.00 | Time: 0.480
Total:   270 | Class: 4 | [0,0,0,0,270,0,0,0,0,0] | Acc: 100.00 | Acc2: 0.00 | Time: 0.459
Total:   270 | Class: 5 | [0,0,0,270,0,0,0,0,0,0] | Acc: 0.00 | Acc2: 0.00 | Time: 0.460
Total:   270 | Class: 6 | [270,0,0,0,0,0,0,0,0,0] | Acc: 0.00 | Acc2: 0.00 | Time: 0.467
Total:   270 | Class: 7 | [0,0,0,270,0,0,0,0,0,0] | Acc: 0.00 | Acc2: 0.00 | Time: 0.467
Total:   270 | Class: 8 | [0,0,0,0,0,270,0,0,0,0] | Acc: 0.00 | Acc2: 0.00 | Time: 0.480
Total:   270 | Class: 9 | [0,0,0,270,0,0,0,0,0,0] | Acc: 0.00 | Acc2: 0.00 | Time: 0.466
Total:   270 | Class: 0 | [270,0,0,0,0,0,0,0,0,0] | Acc: 100.00 | Acc2: 100.00 | Time: 0.483
Total:   270 | Class: 1 | [0,270,0,0,0,0,0,0,0,0] | Acc: 100.00 | Acc2: 100.00 | Time: 0.427
Total:   270 | Class: 2 | [0,0,270,0,0,0,0,0,0,0] | Acc: 100.00 | Acc2: 100.00 | Time: 0.442
Total:   270 | Class: 3 | [0,0,270,0,0,0,0,0,0,0] | Acc: 0.00 | Acc2: 0.00 | Time: 0.476
Total:   270 | Class: 4 | [0,0,270,0,0,0,0,0,0,0] | Acc: 0.00 | Acc2: 0.00 | Time: 0.470
Total:   270 | Class: 5 | [0,0,0,0,0,270,0,0,0,0] | Acc: 100.00 | Acc2: 100.00 | Time: 0.458
Total:   270 | Class: 6 | [0,270,0,0,0,0,0,0,0,0] | Acc: 0.00 | Acc2: 0.00 | Time: 0.448
Total:   270 | Class: 7 | [0,0,0,0,0,0,0,270,0,0] | Acc: 100.00 | Acc2: 100.00 | Time: 0.455
Total:   270 | Class: 8 | [0,0,0,0,0,0,0,0,270,0] | Acc: 100.00 | Acc2: 100.00 | Time: 0.514
Total:   270 | Class: 9 | [0,0,0,0,0,0,0,0,0,270] | Acc: 100.00 | Acc2: 100.00 | Time: 0.455
Total:   270 | Class: 0 | [270,0,0,0,0,0,0,0,0,0] | Acc: 100.00 | Acc2: 100.00 | Time: 0.516
Total:   270 | Class: 1 | [0,270,0,0,0,0,0,0,0,0] | Acc: 100.00 | Acc2: 100.00 | Time: 0.487
Total:   270 | Class: 2 | [0,0,270,0,0,0,0,0,0,0] | Acc: 100.00 | Acc2: 100.00 | Time: 0.455
Total:   270 | Class: 3 | [0,0,270,0,0,0,0,0,0,0] | Acc: 0.00 | Acc2: 0.00 | Time: 0.482
Total:   270 | Class: 4 | [0,0,270,0,0,0,0,0,0,0] | Acc: 0.00 | Acc2: 0.00 | Time: 0.486
Total:   270 | Class: 5 | [0,0,0,0,0,270,0,0,0,0] | Acc: 100.00 | Acc2: 100.00 | Time: 0.482
Total:   270 | Class: 6 | [0,0,0,0,0,0,270,0,0,0] | Acc: 100.00 | Acc2: 0.00 | Time: 0.459
Total:   270 | Class: 7 | [0,0,0,0,0,0,0,270,0,0] | Acc: 100.00 | Acc2: 100.00 | Time: 0.432
Total:   270 | Class: 8 | [0,0,0,0,0,0,0,0,270,0] | Acc: 100.00 | Acc2: 100.00 | Time: 0.486
Total:   270 | Class: 9 | [0,0,0,0,0,0,0,0,0,270] | Acc: 100.00 | Acc2: 100.00 | Time: 0.471
Total:   270 | Class: 0 | [270,0,0,0,0,0,0,0,0,0] | Acc: 100.00 | Acc2: 100.00 | Time: 0.528
Total:   270 | Class: 1 | [0,270,0,0,0,0,0,0,0,0] | Acc: 100.00 | Acc2: 100.00 | Time: 0.557
Total:   270 | Class: 2 | [0,0,270,0,0,0,0,0,0,0] | Acc: 100.00 | Acc2: 100.00 | Time: 0.465
Total:   270 | Class: 3 | [0,0,270,0,0,0,0,0,0,0] | Acc: 0.00 | Acc2: 0.00 | Time: 0.467
Total:   270 | Class: 4 | [0,0,270,0,0,0,0,0,0,0] | Acc: 0.00 | Acc2: 0.00 | Time: 0.483
Total:   270 | Class: 5 | [0,0,0,0,0,270,0,0,0,0] | Acc: 100.00 | Acc2: 100.00 | Time: 0.451
Total:   270 | Class: 6 | [0,0,0,0,0,0,270,0,0,0] | Acc: 100.00 | Acc2: 100.00 | Time: 0.487
Total:   270 | Class: 7 | [0,0,0,0,0,0,0,270,0,0] | Acc: 100.00 | Acc2: 100.00 | Time: 0.523
Total:   270 | Class: 8 | [0,0,0,0,0,0,0,0,270,0] | Acc: 100.00 | Acc2: 100.00 | Time: 0.471
Total:   270 | Class: 9 | [0,0,0,0,0,0,0,0,0,270] | Acc: 100.00 | Acc2: 100.00 | Time: 0.454
Total:   270 | Class: 0 | [270,0,0,0,0,0,0,0,0,0] | Acc: 100.00 | Acc2: 100.00 | Time: 0.452
Total:   270 | Class: 1 | [0,270,0,0,0,0,0,0,0,0] | Acc: 100.00 | Acc2: 100.00 | Time: 0.404
Total:   270 | Class: 2 | [0,0,270,0,0,0,0,0,0,0] | Acc: 100.00 | Acc2: 100.00 | Time: 0.484
Total:   270 | Class: 3 | [0,0,270,0,0,0,0,0,0,0] | Acc: 0.00 | Acc2: 0.00 | Time: 0.420
Total:   270 | Class: 4 | [0,0,270,0,0,0,0,0,0,0] | Acc: 0.00 | Acc2: 0.00 | Time: 0.478
Total:   270 | Class: 5 | [0,0,0,0,0,270,0,0,0,0] | Acc: 100.00 | Acc2: 100.00 | Time: 0.466
Total:   270 | Class: 6 | [0,0,0,0,0,0,270,0,0,0] | Acc: 100.00 | Acc2: 100.00 | Time: 0.459
Total:   270 | Class: 7 | [0,0,0,0,0,0,0,270,0,0] | Acc: 100.00 | Acc2: 100.00 | Time: 0.438
Total:   270 | Class: 8 | [0,0,0,0,0,0,0,0,270,0] | Acc: 100.00 | Acc2: 100.00 | Time: 0.462
Total:   270 | Class: 9 | [0,0,0,0,0,0,0,0,0,270] | Acc: 100.00 | Acc2: 100.00 | Time: 0.476
Total:   270 | Class: 0 | [270,0,0,0,0,0,0,0,0,0] | Acc: 100.00 | Acc2: 100.00 | Time: 0.512
Total:   270 | Class: 1 | [0,270,0,0,0,0,0,0,0,0] | Acc: 100.00 | Acc2: 100.00 | Time: 0.412
Total:   270 | Class: 2 | [0,0,270,0,0,0,0,0,0,0] | Acc: 100.00 | Acc2: 100.00 | Time: 0.523
Total:   270 | Class: 3 | [0,0,270,0,0,0,0,0,0,0] | Acc: 0.00 | Acc2: 0.00 | Time: 0.470
Total:   270 | Class: 4 | [0,0,270,0,0,0,0,0,0,0] | Acc: 0.00 | Acc2: 0.00 | Time: 0.476
Total:   270 | Class: 5 | [0,0,0,0,0,270,0,0,0,0] | Acc: 100.00 | Acc2: 100.00 | Time: 0.471
Total:   270 | Class: 6 | [0,0,0,0,0,0,270,0,0,0] | Acc: 100.00 | Acc2: 100.00 | Time: 0.511
Total:   270 | Class: 7 | [0,0,270,0,0,0,0,0,0,0] | Acc: 0.00 | Acc2: 0.00 | Time: 0.459
Total:   270 | Class: 8 | [0,0,0,0,0,0,0,0,270,0] | Acc: 100.00 | Acc2: 100.00 | Time: 0.480
Total:   270 | Class: 9 | [0,0,0,0,0,0,0,0,0,270] | Acc: 100.00 | Acc2: 100.00 | Time: 0.481
Total:   270 | Class: 0 | [270,0,0,0,0,0,0,0,0,0] | Acc: 100.00 | Acc2: 100.00 | Time: 0.488
Total:   270 | Class: 1 | [0,270,0,0,0,0,0,0,0,0] | Acc: 100.00 | Acc2: 100.00 | Time: 0.406
Total:   270 | Class: 2 | [0,0,270,0,0,0,0,0,0,0] | Acc: 100.00 | Acc2: 100.00 | Time: 0.478
Total:   270 | Class: 3 | [0,0,270,0,0,0,0,0,0,0] | Acc: 0.00 | Acc2: 0.00 | Time: 0.451
Total:   270 | Class: 4 | [0,0,270,0,0,0,0,0,0,0] | Acc: 0.00 | Acc2: 0.00 | Time: 0.426
Total:   270 | Class: 5 | [0,0,0,0,0,270,0,0,0,0] | Acc: 100.00 | Acc2: 100.00 | Time: 0.467
Total:   270 | Class: 6 | [0,0,0,0,0,0,270,0,0,0] | Acc: 100.00 | Acc2: 100.00 | Time: 0.461
Total:   270 | Class: 7 | [0,0,270,0,0,0,0,0,0,0] | Acc: 0.00 | Acc2: 0.00 | Time: 0.455
Total:   270 | Class: 8 | [0,0,0,0,0,0,0,0,270,0] | Acc: 100.00 | Acc2: 100.00 | Time: 0.482
Total:   270 | Class: 9 | [0,0,0,0,0,0,0,0,0,270] | Acc: 100.00 | Acc2: 100.00 | Time: 0.460
Total:   270 | Class: 0 | [270,0,0,0,0,0,0,0,0,0] | Acc: 100.00 | Acc2: 100.00 | Time: 0.496
Total:   270 | Class: 1 | [0,270,0,0,0,0,0,0,0,0] | Acc: 100.00 | Acc2: 100.00 | Time: 0.407
Total:   270 | Class: 2 | [0,0,270,0,0,0,0,0,0,0] | Acc: 100.00 | Acc2: 100.00 | Time: 0.463
Total:   270 | Class: 3 | [0,0,270,0,0,0,0,0,0,0] | Acc: 0.00 | Acc2: 0.00 | Time: 0.458
Total:   270 | Class: 4 | [0,0,270,0,0,0,0,0,0,0] | Acc: 0.00 | Acc2: 0.00 | Time: 0.467
Total:   270 | Class: 5 | [0,0,0,0,0,270,0,0,0,0] | Acc: 100.00 | Acc2: 100.00 | Time: 0.458
Total:   270 | Class: 6 | [0,0,0,0,0,0,270,0,0,0] | Acc: 100.00 | Acc2: 100.00 | Time: 0.467
Total:   270 | Class: 7 | [0,0,270,0,0,0,0,0,0,0] | Acc: 0.00 | Acc2: 0.00 | Time: 0.463
Total:   270 | Class: 8 | [0,0,0,0,0,0,0,0,270,0] | Acc: 100.00 | Acc2: 100.00 | Time: 0.461
Total:   270 | Class: 9 | [0,0,0,0,0,0,0,0,0,270] | Acc: 100.00 | Acc2: 100.00 | Time: 0.457
Total:   270 | Class: 0 | [270,0,0,0,0,0,0,0,0,0] | Acc: 100.00 | Acc2: 100.00 | Time: 0.519
Total:   270 | Class: 1 | [0,270,0,0,0,0,0,0,0,0] | Acc: 100.00 | Acc2: 100.00 | Time: 0.439
Total:   270 | Class: 2 | [0,0,270,0,0,0,0,0,0,0] | Acc: 100.00 | Acc2: 100.00 | Time: 0.478
Total:   270 | Class: 3 | [0,0,270,0,0,0,0,0,0,0] | Acc: 0.00 | Acc2: 0.00 | Time: 0.472
Total:   270 | Class: 4 | [0,0,270,0,0,0,0,0,0,0] | Acc: 0.00 | Acc2: 0.00 | Time: 0.463
Total:   270 | Class: 5 | [0,0,0,0,0,270,0,0,0,0] | Acc: 100.00 | Acc2: 100.00 | Time: 0.464
Total:   270 | Class: 6 | [0,0,0,0,0,0,270,0,0,0] | Acc: 100.00 | Acc2: 100.00 | Time: 0.456
Total:   270 | Class: 7 | [0,0,270,0,0,0,0,0,0,0] | Acc: 0.00 | Acc2: 0.00 | Time: 0.454
Total:   270 | Class: 8 | [0,0,0,0,0,0,0,0,270,0] | Acc: 100.00 | Acc2: 100.00 | Time: 0.442
Total:   270 | Class: 9 | [0,0,0,0,0,0,0,0,0,270] | Acc: 100.00 | Acc2: 100.00 | Time: 0.460
Total:   270 | Class: 0 | [270,0,0,0,0,0,0,0,0,0] | Acc: 100.00 | Acc2: 100.00 | Time: 0.497
Total:   270 | Class: 1 | [0,270,0,0,0,0,0,0,0,0] | Acc: 100.00 | Acc2: 100.00 | Time: 0.394
Total:   270 | Class: 2 | [0,0,270,0,0,0,0,0,0,0] | Acc: 100.00 | Acc2: 100.00 | Time: 0.464
Total:   270 | Class: 3 | [0,0,270,0,0,0,0,0,0,0] | Acc: 0.00 | Acc2: 0.00 | Time: 0.413
Total:   270 | Class: 4 | [0,0,270,0,0,0,0,0,0,0] | Acc: 0.00 | Acc2: 0.00 | Time: 0.449
Total:   270 | Class: 5 | [0,0,0,0,0,270,0,0,0,0] | Acc: 100.00 | Acc2: 100.00 | Time: 0.464
Total:   270 | Class: 6 | [0,0,0,0,0,0,270,0,0,0] | Acc: 100.00 | Acc2: 100.00 | Time: 0.452
Total:   270 | Class: 7 | [0,0,270,0,0,0,0,0,0,0] | Acc: 0.00 | Acc2: 0.00 | Time: 0.455
Total:   270 | Class: 8 | [0,0,0,0,0,0,0,0,270,0] | Acc: 100.00 | Acc2: 100.00 | Time: 0.461
Total:   270 | Class: 9 | [0,0,0,0,0,0,0,0,0,270] | Acc: 100.00 | Acc2: 100.00 | Time: 0.451
Total:   270 | Class: 0 | [270,0,0,0,0,0,0,0,0,0] | Acc: 100.00 | Acc2: 100.00 | Time: 0.521
Total:   270 | Class: 1 | [0,270,0,0,0,0,0,0,0,0] | Acc: 100.00 | Acc2: 100.00 | Time: 0.396
Total:   270 | Class: 2 | [0,0,270,0,0,0,0,0,0,0] | Acc: 100.00 | Acc2: 100.00 | Time: 0.471
Total:   270 | Class: 3 | [0,0,270,0,0,0,0,0,0,0] | Acc: 0.00 | Acc2: 0.00 | Time: 0.427
Total:   270 | Class: 4 | [0,0,270,0,0,0,0,0,0,0] | Acc: 0.00 | Acc2: 0.00 | Time: 0.459
Total:   270 | Class: 5 | [0,0,0,0,0,270,0,0,0,0] | Acc: 100.00 | Acc2: 100.00 | Time: 0.447
Total:   270 | Class: 6 | [0,0,0,0,0,0,270,0,0,0] | Acc: 100.00 | Acc2: 100.00 | Time: 0.454
Total:   270 | Class: 7 | [0,0,270,0,0,0,0,0,0,0] | Acc: 0.00 | Acc2: 0.00 | Time: 0.464
Total:   270 | Class: 8 | [0,0,0,0,0,0,0,0,270,0] | Acc: 100.00 | Acc2: 100.00 | Time: 0.467
Total:   270 | Class: 9 | [0,0,0,0,0,0,0,0,0,270] | Acc: 100.00 | Acc2: 100.00 | Time: 0.485
Total:   270 | Class: 0 | [270,0,0,0,0,0,0,0,0,0] | Acc: 100.00 | Acc2: 100.00 | Time: 0.481
Total:   270 | Class: 1 | [0,270,0,0,0,0,0,0,0,0] | Acc: 100.00 | Acc2: 100.00 | Time: 0.404
Total:   270 | Class: 2 | [0,0,270,0,0,0,0,0,0,0] | Acc: 100.00 | Acc2: 100.00 | Time: 0.477
Total:   270 | Class: 3 | [0,0,270,0,0,0,0,0,0,0] | Acc: 0.00 | Acc2: 0.00 | Time: 0.461
Total:   270 | Class: 4 | [0,0,270,0,0,0,0,0,0,0] | Acc: 0.00 | Acc2: 0.00 | Time: 0.482
Total:   270 | Class: 5 | [0,0,0,0,0,270,0,0,0,0] | Acc: 100.00 | Acc2: 100.00 | Time: 0.466
Total:   270 | Class: 6 | [0,0,0,0,0,0,270,0,0,0] | Acc: 100.00 | Acc2: 100.00 | Time: 0.471
Total:   270 | Class: 7 | [0,0,270,0,0,0,0,0,0,0] | Acc: 0.00 | Acc2: 0.00 | Time: 0.435
Total:   270 | Class: 8 | [0,0,0,0,0,0,0,0,270,0] | Acc: 100.00 | Acc2: 100.00 | Time: 0.449
Total:   270 | Class: 9 | [0,0,0,0,0,0,0,0,0,270] | Acc: 100.00 | Acc2: 100.00 | Time: 0.458
Total:   270 | Class: 0 | [270,0,0,0,0,0,0,0,0,0] | Acc: 100.00 | Acc2: 100.00 | Time: 0.487
Total:   270 | Class: 1 | [0,270,0,0,0,0,0,0,0,0] | Acc: 100.00 | Acc2: 100.00 | Time: 0.406
Total:   270 | Class: 2 | [0,0,270,0,0,0,0,0,0,0] | Acc: 100.00 | Acc2: 100.00 | Time: 0.493
Total:   270 | Class: 3 | [0,0,270,0,0,0,0,0,0,0] | Acc: 0.00 | Acc2: 0.00 | Time: 0.455
Total:   270 | Class: 4 | [0,0,270,0,0,0,0,0,0,0] | Acc: 0.00 | Acc2: 0.00 | Time: 0.434
Total:   270 | Class: 5 | [0,0,0,0,0,270,0,0,0,0] | Acc: 100.00 | Acc2: 100.00 | Time: 0.442
Total:   270 | Class: 6 | [0,0,0,0,0,0,270,0,0,0] | Acc: 100.00 | Acc2: 100.00 | Time: 0.406
Total:   270 | Class: 7 | [0,0,270,0,0,0,0,0,0,0] | Acc: 0.00 | Acc2: 0.00 | Time: 0.433
Total:   270 | Class: 8 | [0,0,0,0,0,0,0,0,270,0] | Acc: 100.00 | Acc2: 100.00 | Time: 0.452
Total:   270 | Class: 9 | [0,0,0,0,0,0,0,0,0,270] | Acc: 100.00 | Acc2: 100.00 | Time: 0.450
Total:   270 | Class: 0 | [270,0,0,0,0,0,0,0,0,0] | Acc: 100.00 | Acc2: 100.00 | Time: 0.485
Total:   270 | Class: 1 | [0,270,0,0,0,0,0,0,0,0] | Acc: 100.00 | Acc2: 100.00 | Time: 0.408
Total:   270 | Class: 2 | [0,0,270,0,0,0,0,0,0,0] | Acc: 100.00 | Acc2: 100.00 | Time: 0.464
Total:   270 | Class: 3 | [0,0,270,0,0,0,0,0,0,0] | Acc: 0.00 | Acc2: 0.00 | Time: 0.452
Total:   270 | Class: 4 | [0,0,270,0,0,0,0,0,0,0] | Acc: 0.00 | Acc2: 0.00 | Time: 0.461
Total:   270 | Class: 5 | [0,0,0,0,0,270,0,0,0,0] | Acc: 100.00 | Acc2: 100.00 | Time: 0.461
Total:   270 | Class: 6 | [0,0,0,0,0,0,270,0,0,0] | Acc: 100.00 | Acc2: 100.00 | Time: 0.455
Total:   270 | Class: 7 | [0,0,270,0,0,0,0,0,0,0] | Acc: 0.00 | Acc2: 0.00 | Time: 0.438
Total:   270 | Class: 8 | [0,0,0,0,0,0,0,0,270,0] | Acc: 100.00 | Acc2: 100.00 | Time: 0.456
Total:   270 | Class: 9 | [0,0,0,0,0,0,0,0,0,270] | Acc: 100.00 | Acc2: 100.00 | Time: 0.423
Total:   270 | Class: 0 | [270,0,0,0,0,0,0,0,0,0] | Acc: 100.00 | Acc2: 100.00 | Time: 0.487
Total:   270 | Class: 1 | [0,270,0,0,0,0,0,0,0,0] | Acc: 100.00 | Acc2: 100.00 | Time: 0.398
Total:   270 | Class: 2 | [0,0,270,0,0,0,0,0,0,0] | Acc: 100.00 | Acc2: 100.00 | Time: 0.492
Total:   270 | Class: 3 | [0,0,270,0,0,0,0,0,0,0] | Acc: 0.00 | Acc2: 0.00 | Time: 0.472
Total:   270 | Class: 4 | [0,0,270,0,0,0,0,0,0,0] | Acc: 0.00 | Acc2: 0.00 | Time: 0.457
Total:   270 | Class: 5 | [0,0,0,0,0,270,0,0,0,0] | Acc: 100.00 | Acc2: 100.00 | Time: 0.526
Total:   270 | Class: 6 | [0,0,0,0,0,0,270,0,0,0] | Acc: 100.00 | Acc2: 100.00 | Time: 0.466
Total:   270 | Class: 7 | [0,0,270,0,0,0,0,0,0,0] | Acc: 0.00 | Acc2: 0.00 | Time: 0.451
Total:   270 | Class: 8 | [0,0,0,0,0,0,0,0,270,0] | Acc: 100.00 | Acc2: 100.00 | Time: 0.466
Total:   270 | Class: 9 | [0,0,0,0,0,0,0,0,0,270] | Acc: 100.00 | Acc2: 100.00 | Time: 0.457
Total:   270 | Class: 0 | [270,0,0,0,0,0,0,0,0,0] | Acc: 100.00 | Acc2: 100.00 | Time: 0.482
Total:   270 | Class: 1 | [0,270,0,0,0,0,0,0,0,0] | Acc: 100.00 | Acc2: 100.00 | Time: 0.388
Total:   270 | Class: 2 | [0,0,270,0,0,0,0,0,0,0] | Acc: 100.00 | Acc2: 100.00 | Time: 0.474
Total:   270 | Class: 3 | [0,0,270,0,0,0,0,0,0,0] | Acc: 0.00 | Acc2: 0.00 | Time: 0.449
Total:   270 | Class: 4 | [0,0,270,0,0,0,0,0,0,0] | Acc: 0.00 | Acc2: 0.00 | Time: 0.478
Total:   270 | Class: 5 | [0,0,0,0,0,270,0,0,0,0] | Acc: 100.00 | Acc2: 100.00 | Time: 0.405
Total:   270 | Class: 6 | [0,0,0,0,0,0,270,0,0,0] | Acc: 100.00 | Acc2: 100.00 | Time: 0.423
Total:   270 | Class: 7 | [0,0,270,0,0,0,0,0,0,0] | Acc: 0.00 | Acc2: 0.00 | Time: 0.451
Total:   270 | Class: 8 | [0,0,0,0,0,0,0,0,270,0] | Acc: 100.00 | Acc2: 100.00 | Time: 0.460
Total:   270 | Class: 9 | [0,0,0,0,0,0,0,0,0,270] | Acc: 100.00 | Acc2: 100.00 | Time: 0.449
Total:   270 | Class: 0 | [270,0,0,0,0,0,0,0,0,0] | Acc: 100.00 | Acc2: 100.00 | Time: 0.475
Total:   270 | Class: 1 | [0,270,0,0,0,0,0,0,0,0] | Acc: 100.00 | Acc2: 100.00 | Time: 0.401
Total:   270 | Class: 2 | [0,0,270,0,0,0,0,0,0,0] | Acc: 100.00 | Acc2: 100.00 | Time: 0.476
Total:   270 | Class: 3 | [0,0,270,0,0,0,0,0,0,0] | Acc: 0.00 | Acc2: 0.00 | Time: 0.451
Total:   270 | Class: 4 | [0,0,270,0,0,0,0,0,0,0] | Acc: 0.00 | Acc2: 0.00 | Time: 0.466
Total:   270 | Class: 5 | [0,0,0,0,0,270,0,0,0,0] | Acc: 100.00 | Acc2: 100.00 | Time: 0.475
Total:   270 | Class: 6 | [0,0,0,0,0,0,270,0,0,0] | Acc: 100.00 | Acc2: 100.00 | Time: 0.464
Total:   270 | Class: 7 | [0,0,270,0,0,0,0,0,0,0] | Acc: 0.00 | Acc2: 0.00 | Time: 0.444
Total:   270 | Class: 8 | [0,0,0,0,0,0,0,0,270,0] | Acc: 100.00 | Acc2: 100.00 | Time: 0.439
Total:   270 | Class: 9 | [0,0,0,0,0,0,0,0,0,270] | Acc: 100.00 | Acc2: 100.00 | Time: 0.480
Total:   270 | Class: 0 | [270,0,0,0,0,0,0,0,0,0] | Acc: 100.00 | Acc2: 100.00 | Time: 0.479
Total:   270 | Class: 1 | [0,270,0,0,0,0,0,0,0,0] | Acc: 100.00 | Acc2: 100.00 | Time: 0.407
Total:   270 | Class: 2 | [0,0,270,0,0,0,0,0,0,0] | Acc: 100.00 | Acc2: 100.00 | Time: 0.482
Total:   270 | Class: 3 | [0,0,270,0,0,0,0,0,0,0] | Acc: 0.00 | Acc2: 0.00 | Time: 0.449
Total:   270 | Class: 4 | [0,0,270,0,0,0,0,0,0,0] | Acc: 0.00 | Acc2: 0.00 | Time: 0.463
Total:   270 | Class: 5 | [0,0,0,0,0,270,0,0,0,0] | Acc: 100.00 | Acc2: 100.00 | Time: 0.452
Total:   270 | Class: 6 | [0,0,0,0,0,0,270,0,0,0] | Acc: 100.00 | Acc2: 100.00 | Time: 0.465
Total:   270 | Class: 7 | [0,0,270,0,0,0,0,0,0,0] | Acc: 0.00 | Acc2: 0.00 | Time: 0.454
Total:   270 | Class: 8 | [0,0,0,0,0,0,0,0,270,0] | Acc: 100.00 | Acc2: 100.00 | Time: 0.461
Total:   270 | Class: 9 | [0,0,0,0,0,0,0,0,0,270] | Acc: 100.00 | Acc2: 100.00 | Time: 0.452
Total:   270 | Class: 0 | [270,0,0,0,0,0,0,0,0,0] | Acc: 100.00 | Acc2: 100.00 | Time: 0.489
Total:   270 | Class: 1 | [0,270,0,0,0,0,0,0,0,0] | Acc: 100.00 | Acc2: 100.00 | Time: 0.415
Total:   270 | Class: 2 | [0,0,270,0,0,0,0,0,0,0] | Acc: 100.00 | Acc2: 100.00 | Time: 0.458
Total:   270 | Class: 3 | [0,0,270,0,0,0,0,0,0,0] | Acc: 0.00 | Acc2: 0.00 | Time: 0.460
Total:   270 | Class: 4 | [0,0,270,0,0,0,0,0,0,0] | Acc: 0.00 | Acc2: 0.00 | Time: 0.453
Total:   270 | Class: 5 | [0,0,0,0,0,270,0,0,0,0] | Acc: 100.00 | Acc2: 100.00 | Time: 0.456
Total:   270 | Class: 6 | [0,0,0,0,0,0,270,0,0,0] | Acc: 100.00 | Acc2: 100.00 | Time: 0.454
Total:   270 | Class: 7 | [0,0,270,0,0,0,0,0,0,0] | Acc: 0.00 | Acc2: 0.00 | Time: 0.454
Total:   270 | Class: 8 | [0,0,0,0,0,0,0,0,270,0] | Acc: 100.00 | Acc2: 100.00 | Time: 0.446
Total:   270 | Class: 9 | [0,0,0,0,0,0,0,0,0,270] | Acc: 100.00 | Acc2: 100.00 | Time: 0.448
Total:   270 | Class: 0 | [270,0,0,0,0,0,0,0,0,0] | Acc: 100.00 | Acc2: 100.00 | Time: 0.485
Total:   270 | Class: 1 | [0,270,0,0,0,0,0,0,0,0] | Acc: 100.00 | Acc2: 100.00 | Time: 0.410
Total:   270 | Class: 2 | [0,0,270,0,0,0,0,0,0,0] | Acc: 100.00 | Acc2: 100.00 | Time: 0.448
Total:   270 | Class: 3 | [0,0,270,0,0,0,0,0,0,0] | Acc: 0.00 | Acc2: 0.00 | Time: 0.464
Total:   270 | Class: 4 | [0,0,270,0,0,0,0,0,0,0] | Acc: 0.00 | Acc2: 0.00 | Time: 0.458
Total:   270 | Class: 5 | [0,0,0,0,0,270,0,0,0,0] | Acc: 100.00 | Acc2: 100.00 | Time: 0.482
Total:   270 | Class: 6 | [0,0,0,0,0,0,270,0,0,0] | Acc: 100.00 | Acc2: 100.00 | Time: 0.457
Total:   270 | Class: 7 | [0,0,270,0,0,0,0,0,0,0] | Acc: 0.00 | Acc2: 0.00 | Time: 0.466
Total:   270 | Class: 8 | [0,0,0,0,0,0,0,0,270,0] | Acc: 100.00 | Acc2: 100.00 | Time: 0.458
Total:   270 | Class: 9 | [0,0,0,0,0,0,0,0,0,270] | Acc: 100.00 | Acc2: 100.00 | Time: 0.445
