train,validation,time
0.00,0.00,0.00
99.77,96.31,76.98,best
99.67,95.85,152.28
99.90,96.74,227.28,best
99.80,97.00,303.24,best
99.93,97.48,378.90,best
99.97,97.83,454.18,best
99.96,97.83,529.20
99.96,97.65,606.16
99.77,96.55,682.30
99.99,97.64,758.90
99.95,97.43,835.78
99.97,97.42,912.78
99.92,97.52,989.37
99.93,97.31,1064.58
99.96,97.59,1141.38
99.96,98.04,1217.76,best
99.91,97.48,1294.91
99.94,97.82,1370.93
99.86,96.83,1446.48
99.88,97.11,1522.69
99.65,97.15,1599.59
99.81,97.19,1676.36
99.85,97.58,1752.00
99.81,96.67,1827.55
99.68,96.78,1903.66
99.76,96.37,1979.59
99.51,96.80,2055.97
99.96,98.04,2055.97
