train,validation,time
0.00,0.00,0.00
99.49,95.04,78.47,best
99.61,95.83,155.67,best
99.87,97.04,231.02,best
99.85,97.20,306.81,best
99.97,96.87,384.95
99.93,96.57,461.35
99.86,96.66,539.23
99.96,97.17,615.34
99.97,97.36,690.80,best
99.97,97.38,768.60,best
99.96,96.91,844.86
99.96,97.00,922.04
99.87,97.14,999.80
99.95,97.40,1080.23,best
99.84,96.93,1158.51
99.94,97.23,1237.50
99.93,97.28,1314.20
99.91,97.40,1392.95
99.76,95.72,1469.30
99.74,96.74,1547.55
99.74,96.22,1624.40
99.69,96.86,1704.37
99.92,97.07,1782.65
99.87,96.73,1858.87
99.50,95.97,1937.27
99.95,97.40,1937.27
