train,validation,time
0.00,0.00,0.00
99.78,95.79,78.70,best
99.88,96.23,154.10,best
99.99,97.24,230.59,best
99.95,96.71,306.58
99.97,97.28,382.89,best
99.99,97.66,461.26,best
99.95,96.90,539.01
99.99,97.23,617.51
99.99,97.24,695.31
99.75,96.23,773.97
99.90,97.72,852.36,best
99.98,97.36,931.50
99.78,95.77,1008.76
99.97,97.22,1085.49
99.83,96.58,1162.25
99.94,97.17,1238.85
99.96,97.73,1315.42,best
99.84,97.17,1390.92
99.69,96.40,1466.59
99.48,95.94,1542.70
99.80,96.36,1618.61
99.79,96.53,1695.83
99.70,96.11,1771.52
99.90,96.98,1847.29
99.76,96.07,1922.77
99.80,97.51,1998.26
99.70,95.43,2076.05
99.70,96.40,2151.40
99.96,97.73,2151.40
