train,validation,time
0.00,0.00,0.00
99.87,96.00,78.62,best
99.57,95.62,155.72
99.68,96.00,234.16
99.91,97.19,314.41,best
99.93,97.08,392.05
99.97,97.25,469.13,best
99.98,97.21,547.28
99.93,97.49,626.73,best
99.96,97.13,704.72
99.95,97.13,782.88
99.97,98.26,859.94,best
99.93,97.33,937.54
99.95,97.37,1014.38
99.94,97.08,1090.73
99.80,97.08,1165.84
99.95,97.13,1243.43
99.88,96.97,1317.49
99.98,97.72,1393.04
99.91,97.49,1467.21
99.87,96.92,1540.24
99.81,96.85,1613.43
99.78,96.05,1685.63
99.97,98.26,1685.63
