train,validation,time
0.00,0.00,0.00
99.68,95.23,80.37,best
99.64,96.06,158.03,best
99.95,97.19,234.05,best
99.85,97.00,311.41
99.85,97.25,387.25,best
99.92,97.09,465.91
99.95,97.31,545.23,best
99.93,97.02,621.47
99.98,97.52,699.88,best
99.99,97.88,776.42,best
99.99,97.89,853.31,best
99.90,97.38,931.59
99.93,97.76,1009.24
99.95,97.05,1086.17
99.93,97.33,1165.22
99.96,97.26,1242.24
99.77,96.99,1319.97
99.94,97.64,1397.25
99.90,97.24,1474.69
99.83,97.32,1551.73
99.76,96.26,1630.75
99.68,96.00,1707.63
99.99,97.89,1707.63
