train,validation,time
0.00,0.00,0.00
99.51,95.09,77.80,best
99.86,96.21,156.89,best
99.74,96.35,232.97,best
99.97,97.04,309.30,best
99.97,96.83,385.71
99.99,97.64,462.40,best
99.96,97.47,540.50
99.92,97.28,618.31
99.97,97.82,695.99,best
99.96,97.87,772.69,best
99.96,97.37,850.41
99.92,97.32,929.92
99.96,97.19,1009.12
99.96,97.49,1089.11
99.92,97.01,1170.87
99.97,97.40,1251.40
99.96,97.25,1329.92
99.93,97.12,1408.00
99.86,97.15,1487.85
99.93,96.84,1565.94
99.93,97.31,1644.18
99.96,97.87,1644.18
