train,validation,time
0.00,0.00,0.00
99.56,94.88,77.37,best
99.86,96.25,154.38,best
99.66,96.51,232.93,best
99.95,96.85,310.87,best
99.78,96.94,387.19,best
99.99,97.47,466.50,best
99.94,97.28,543.25
100.00,97.38,621.77
99.95,97.48,699.52,best
99.99,97.54,777.71,best
100.00,97.33,855.67
99.95,97.48,934.23
99.95,97.68,1011.42,best
99.93,97.74,1089.12,best
99.93,97.64,1166.51
99.92,97.35,1245.29
99.79,96.97,1322.45
99.77,97.40,1399.06
99.94,97.55,1477.28
99.87,97.07,1555.52
99.85,96.99,1633.91
99.92,97.10,1711.38
99.80,96.81,1788.39
99.87,97.20,1866.11
99.87,96.68,1943.52
99.93,97.74,1943.52
