train,validation,time
0.00,0.00,0.00
0.00,0.00,4.30
0.00,0.00,7.64
0.00,0.00,11.00
8.61,8.65,14.38,best
13.22,13.37,17.82,best
14.00,14.29,20.96,best
14.57,14.42,24.18,best
23.12,20.45,27.89,best
34.59,28.96,31.57,best
44.66,37.48,34.99,best
55.46,46.40,38.34,best
65.69,56.36,41.50,best
73.73,61.60,44.75,best
81.21,68.55,47.90,best
85.49,72.35,51.47,best
89.60,76.28,54.68,best
92.91,78.77,58.24,best
94.15,79.95,61.44,best
95.73,82.04,64.64,best
95.78,81.78,68.13
97.13,83.62,71.52,best
97.69,85.58,74.69,best
98.59,86.11,78.04,best
98.88,86.37,81.18,best
98.82,87.68,84.51,best
99.38,87.94,88.23,best
99.38,88.07,91.48,best
99.16,90.04,94.69,best
99.49,89.25,98.18
99.66,89.38,101.39
99.66,90.56,104.61,best
99.72,90.30,107.83
99.72,91.35,111.02,best
99.66,90.04,114.19
99.66,91.35,117.39
99.78,90.83,120.71
99.66,91.48,124.09,best
99.83,90.30,127.57
99.83,91.09,130.84
99.78,90.96,134.13
99.89,93.05,137.84,best
99.89,92.66,141.17
99.94,91.48,144.53
100.00,93.45,147.78,best
99.89,92.92,151.63
99.89,92.40,154.81
99.78,92.79,158.03
99.89,91.74,161.33
99.89,93.58,164.78,best
100.00,91.87,168.05
100.00,93.05,171.26
99.94,93.32,174.43
100.00,92.53,177.79
100.00,93.84,181.36,best
99.94,93.58,184.65
100.00,92.40,188.11
100.00,93.97,191.30,best
100.00,92.79,194.71
100.00,94.10,198.10,best
100.00,91.87,201.52
100.00,91.87,205.25
100.00,94.10,208.66
100.00,92.92,212.11
100.00,92.40,215.52
100.00,92.27,218.86
100.00,94.23,222.12,best
100.00,93.32,225.39
100.00,93.32,228.69
100.00,92.66,232.13
100.00,93.18,235.38
100.00,91.74,238.71
100.00,95.41,242.27,best
100.00,94.36,245.59
100.00,94.10,249.03
100.00,93.45,252.38
100.00,92.66,255.73
100.00,94.23,259.09
100.00,93.58,262.41
100.00,94.23,265.71
100.00,93.71,269.09
100.00,93.32,272.53
100.00,93.58,275.99
100.00,94.23,279.24
100.00,95.41,279.24
