train,validation,time
0.00,0.00,0.00
0.00,0.00,4.36
0.73,0.26,7.78,best
14.29,14.29,11.34,best
26.60,23.07,14.90,best
38.64,38.40,18.24,best
50.34,48.62,21.62,best
61.53,58.98,25.00,best
72.95,66.84,28.73,best
81.50,73.53,32.30,best
90.49,81.65,35.69,best
96.06,85.85,39.09,best
97.98,89.38,42.51,best
99.10,92.01,46.08,best
99.66,95.02,49.86,best
99.89,95.67,53.39,best
99.89,95.54,56.76
99.89,97.12,60.11,best
99.94,96.59,63.49
100.00,95.81,66.83
99.94,97.38,70.19,best
99.94,98.03,73.93,best
99.94,97.77,77.46
100.00,97.77,80.88
100.00,97.90,84.27
100.00,98.69,87.73,best
100.00,98.69,91.19
100.00,98.56,94.59
100.00,98.56,98.00
100.00,98.56,101.45
100.00,98.82,104.85,best
100.00,98.43,108.27
100.00,98.69,111.66
100.00,98.30,115.09
100.00,98.82,118.54
100.00,99.08,122.01,best
100.00,99.08,122.01
