train,validation,time
0.00,0.00,0.00
99.73,94.64,52.08,best
99.74,96.07,102.38,best
99.85,96.44,152.17,best
99.97,96.68,201.89,best
99.95,97.28,252.22,best
99.76,96.39,301.80
99.97,97.58,351.70,best
99.97,97.50,401.86
99.95,97.02,451.55
99.95,97.11,501.67
99.99,97.21,551.54
99.98,97.24,601.54
99.96,97.19,651.38
100.00,97.25,701.11
99.97,97.33,751.19
99.99,97.66,801.05,best
99.99,97.38,850.84
99.98,97.73,900.66,best
99.97,96.93,950.23
99.97,97.53,1000.25
100.00,97.79,1050.11,best
100.00,98.14,1100.08,best
99.93,97.10,1150.01
99.99,98.49,1199.73,best
99.97,97.38,1249.48
99.97,97.69,1299.53
99.99,97.87,1349.68
99.99,98.00,1399.74
99.96,97.08,1450.19
99.99,97.36,1500.15
99.97,97.12,1550.40
99.99,97.22,1600.41
99.98,97.45,1650.53
99.95,97.32,1700.64
99.99,97.82,1749.99
99.99,98.49,1749.99
