train,validation,time
0.00,0.00,0.00
99.82,93.43,41.29,best
99.91,94.25,81.03,best
99.88,94.66,120.27,best
99.93,94.93,159.27,best
99.45,95.21,198.22,best
99.92,94.47,237.06
99.89,95.04,276.26
99.92,95.43,315.32,best
99.89,94.38,354.22
99.94,95.49,393.29,best
99.88,93.31,432.72
99.93,94.12,471.74
99.84,93.11,510.85
99.89,93.32,549.81
99.83,92.60,589.62
99.91,93.17,629.06
99.84,93.01,668.51
99.86,92.11,707.45
99.89,93.16,747.00
99.98,93.74,786.04
99.93,93.01,825.44
99.94,95.49,825.44
