train,validation,time
0.00,0.00,0.00
99.83,95.84,60.31,best
99.81,96.05,118.39,best
99.90,96.22,176.56,best
99.96,97.60,234.51,best
99.98,97.54,292.68
99.96,97.46,351.39
99.99,97.59,410.65
99.97,97.70,468.88,best
99.99,96.97,527.55
99.99,97.63,585.69
99.92,97.25,644.40
99.93,97.40,703.10
100.00,98.00,761.63,best
99.97,97.55,820.15
99.99,98.03,878.94,best
99.94,96.86,937.41
99.98,97.82,996.37
99.98,97.96,1055.38
99.98,97.93,1114.43
99.98,97.64,1173.06
99.99,97.17,1232.33
99.80,96.89,1291.11
99.95,97.52,1350.00
99.97,97.42,1408.44
99.94,97.65,1467.39
99.97,97.67,1525.80
99.99,98.03,1525.80
