train,validation,time
0.00,0.00,0.00
99.80,95.38,51.69,best
99.91,96.43,102.14,best
99.83,95.70,152.29
99.95,96.35,202.41
99.93,96.69,252.44,best
99.94,96.29,302.88
99.72,96.02,352.81
99.96,96.62,402.71
99.93,97.07,452.47,best
99.98,97.40,502.65,best
99.99,96.79,552.34
99.96,97.40,602.37
100.00,97.75,652.24,best
99.99,97.74,702.04
99.97,97.31,752.15
99.99,97.21,801.97
99.98,97.31,851.93
99.98,97.44,901.64
99.99,97.09,951.38
100.00,98.00,1001.09,best
99.99,98.03,1050.45,best
100.00,97.83,1100.01
99.99,97.69,1150.14
99.98,97.99,1200.16
99.92,97.59,1250.88
99.99,97.93,1301.23
99.95,97.44,1351.28
99.93,97.43,1401.50
99.89,97.29,1452.35
99.96,97.60,1502.84
99.99,97.89,1553.02
99.97,98.20,1603.36,best
99.94,97.05,1653.32
99.99,97.18,1703.31
99.96,97.29,1753.55
99.98,97.81,1803.65
99.76,95.48,1853.66
99.79,96.34,1903.86
99.93,97.47,1954.07
99.97,98.00,2004.01
99.95,97.65,2053.87
99.82,97.29,2104.05
99.93,97.04,2153.96
99.97,98.20,2153.96
