train,validation,time
0.00,0.00,0.00
99.76,95.84,60.31,best
99.14,94.76,118.63
99.92,96.90,177.41,best
99.63,96.34,235.80
99.94,96.80,294.02
99.97,97.46,352.50,best
99.97,97.71,411.12,best
99.97,97.85,469.40,best
100.00,97.58,527.97
99.89,96.97,586.58
99.97,97.28,645.58
99.92,97.07,704.02
99.97,97.94,762.57,best
99.98,97.44,821.06
99.98,97.60,879.99
99.84,96.83,938.39
99.96,97.76,996.92
99.95,97.02,1055.29
99.85,97.42,1113.96
99.97,97.44,1172.15
99.94,97.04,1230.66
99.98,97.93,1288.81
99.95,96.65,1347.44
99.96,97.21,1405.53
99.97,97.94,1405.53
